EXPONENT=16.000000
-0.950000 0.272001
-0.850000 0.000000
-0.750000 3.699098
-0.650000 6.515740
-0.550000 3.793343
-0.450000 1.407624
-0.350000 5.276034
-0.250000 0.585612
-0.150000 1.012125
-0.050000 0.000000
0.050000 0.762609
0.150000 0.000000
0.250000 0.000000
0.350000 0.024857
0.450000 0.019108
0.550000 0.012381
0.650000 0.014601
0.750000 0.009707
0.850000 0.005287
0.950000 0.000001
EXPONENT=17.000000
-0.950000 3.101631
-0.850000 1.682938
-0.750000 45.446606
-0.650000 178.757370
-0.550000 177.129745
-0.450000 158.798645
-0.350000 165.708145
-0.250000 223.724442
-0.150000 114.291306
-0.050000 104.865410
0.050000 18.969471
0.150000 2.367570
0.250000 0.308022
0.350000 0.093046
0.450000 0.014604
0.550000 0.003532
0.650000 0.000836
0.750000 0.000274
0.850000 0.000041
0.950000 0.000000
EXPONENT=18.000000
-0.950000 8.717379
-0.850000 18.331776
-0.750000 399.546295
-0.650000 1509.305786
-0.550000 1973.480347
-0.450000 1997.841309
-0.350000 2477.155762
-0.250000 2047.830078
-0.150000 1562.425537
-0.050000 1343.557861
0.050000 346.991516
0.150000 3.628270
0.250000 0.053863
0.350000 0.001045
0.450000 0.000019
0.550000 0.000001
0.650000 0.000000
0.750000 0.000000
0.850000 0.000000
0.950000 0.000000
EXPONENT=19.000000
-0.950000 0.000000
-0.850000 42.211178
-0.750000 1369.397949
-0.650000 8044.791992
-0.550000 11968.723633
-0.450000 12547.081055
-0.350000 13347.042969
-0.250000 12438.791016
-0.150000 9802.650391
-0.050000 7392.652344
0.050000 1312.289673
0.150000 1.126603
0.250000 0.000054
0.350000 0.000000
0.450000 0.000000
0.550000 0.000000
0.650000 0.000000
0.750000 0.000000
0.850000 0.000000
0.950000 0.000000
EXPONENT=20.000000
-0.950000 0.000000
-0.850000 173.120499
-0.750000 6260.330566
-0.650000 30471.212891
-0.550000 45522.531250
-0.450000 41605.839844
-0.350000 45153.144531
-0.250000 41943.324219
-0.150000 43677.847656
-0.050000 32992.054688
0.050000 3903.826172
0.150000 0.003215
0.250000 0.000000
0.350000 0.000000
0.450000 0.000000
0.550000 0.000000
0.650000 0.000000
0.750000 0.000000
0.850000 0.000000
0.950000 0.000000
