EXPONENT=13.000000
-0.950000 0.000000
-0.850000 0.000000
-0.750000 0.000000
-0.650000 0.000000
-0.550000 0.000000
-0.450000 0.000000
-0.350000 0.000000
-0.250000 0.000000
-0.150000 0.000000
-0.050000 0.000000
0.050000 0.000000
0.150000 0.000000
0.250000 0.000000
0.350000 0.000000
0.450000 0.000000
0.550000 0.000000
0.650000 0.000000
0.750000 0.000000
0.850000 0.000000
0.950000 0.000000
EXPONENT=13.500000
-0.950000 0.000000
-0.850000 0.000000
-0.750000 0.000000
-0.650000 0.000000
-0.550000 0.000000
-0.450000 0.000000
-0.350000 0.000000
-0.250000 0.000000
-0.150000 0.000000
-0.050000 0.000000
0.050000 0.000000
0.150000 0.000000
0.250000 0.000000
0.350000 0.000000
0.450000 0.000000
0.550000 0.000000
0.650000 0.000000
0.750000 0.000000
0.850000 0.000000
0.950000 0.000000
EXPONENT=14.000000
-0.950000 0.000000
-0.850000 0.000000
-0.750000 0.000000
-0.650000 0.000000
-0.550000 0.000000
-0.450000 0.000000
-0.350000 0.000000
-0.250000 0.000000
-0.150000 0.000000
-0.050000 0.000000
0.050000 0.000000
0.150000 0.000000
0.250000 0.000000
0.350000 0.000000
0.450000 0.000000
0.550000 0.000000
0.650000 0.000000
0.750000 0.000000
0.850000 0.000000
0.950000 0.000000
EXPONENT=14.500000
-0.950000 0.000000
-0.850000 0.000000
-0.750000 0.000000
-0.650000 0.000000
-0.550000 0.000000
-0.450000 0.000000
-0.350000 0.000000
-0.250000 0.000000
-0.150000 0.000000
-0.050000 0.000000
0.050000 0.000000
0.150000 0.000000
0.250000 0.000000
0.350000 0.000000
0.450000 0.000000
0.550000 0.000000
0.650000 0.000000
0.750000 0.000000
0.850000 0.000000
0.950000 0.000000
EXPONENT=15.000000
-0.950000 0.000000
-0.850000 0.000000
-0.750000 0.000000
-0.650000 0.000000
-0.550000 0.000000
-0.450000 0.000000
-0.350000 0.000000
-0.250000 0.000000
-0.150000 0.000000
-0.050000 0.000000
0.050000 0.000000
0.150000 0.000000
0.250000 0.000000
0.350000 0.000000
0.450000 0.000000
0.550000 0.000000
0.650000 0.000000
0.750000 0.000000
0.850000 0.000000
0.950000 0.000000
EXPONENT=15.500000
-0.950000 0.000000
-0.850000 0.000000
-0.750000 0.000000
-0.650000 0.000000
-0.550000 0.000000
-0.450000 0.000000
-0.350000 0.000000
-0.250000 0.000000
-0.150000 0.000000
-0.050000 0.000000
0.050000 0.000000
0.150000 0.000000
0.250000 0.000000
0.350000 0.000000
0.450000 0.000000
0.550000 0.000000
0.650000 0.000000
0.750000 0.000000
0.850000 0.000000
0.950000 0.000000
EXPONENT=16.000000
-0.950000 0.272001
-0.850000 0.000000
-0.750000 3.699098
-0.650000 6.515740
-0.550000 3.793343
-0.450000 1.407624
-0.350000 5.276034
-0.250000 0.585612
-0.150000 1.012125
-0.050000 0.000000
0.050000 0.762609
0.150000 0.000000
0.250000 0.000000
0.350000 0.024857
0.450000 0.019108
0.550000 0.012381
0.650000 0.014601
0.750000 0.009707
0.850000 0.005287
0.950000 0.000001
EXPONENT=16.500000
-0.950000 0.000000
-0.850000 1.338881
-0.750000 19.442686
-0.650000 27.190426
-0.550000 23.528122
-0.450000 28.745266
-0.350000 28.073631
-0.250000 14.046621
-0.150000 12.449907
-0.050000 8.526324
0.050000 11.851206
0.150000 0.445866
0.250000 0.557878
0.350000 0.052858
0.450000 0.067710
0.550000 0.026907
0.650000 0.008259
0.750000 0.004185
0.850000 0.000838
0.950000 0.000000
EXPONENT=17.000000
-0.950000 3.101631
-0.850000 1.682938
-0.750000 45.446606
-0.650000 178.757370
-0.550000 177.129745
-0.450000 158.798645
-0.350000 165.708145
-0.250000 223.724442
-0.150000 114.291306
-0.050000 104.865410
0.050000 18.969471
0.150000 2.367570
0.250000 0.308022
0.350000 0.093046
0.450000 0.014604
0.550000 0.003532
0.650000 0.000836
0.750000 0.000274
0.850000 0.000041
0.950000 0.000000
EXPONENT=17.500000
-0.950000 0.000000
-0.850000 11.682298
-0.750000 128.575424
-0.650000 680.681641
-0.550000 670.317932
-0.450000 714.410767
-0.350000 721.952698
-0.250000 745.258545
-0.150000 398.883301
-0.050000 346.681488
0.050000 96.794182
0.150000 8.463727
0.250000 0.122089
0.350000 0.008399
0.450000 0.001201
0.550000 0.000182
0.650000 0.000015
0.750000 0.000002
0.850000 0.000000
0.950000 0.000000
EXPONENT=18.000000
-0.950000 8.717379
-0.850000 18.331776
-0.750000 399.546295
-0.650000 1509.305786
-0.550000 1973.480347
-0.450000 1997.841309
-0.350000 2477.155762
-0.250000 2047.830078
-0.150000 1562.425537
-0.050000 1343.557861
0.050000 346.991516
0.150000 3.628270
0.250000 0.053863
0.350000 0.001045
0.450000 0.000019
0.550000 0.000001
0.650000 0.000000
0.750000 0.000000
0.850000 0.000000
0.950000 0.000000
EXPONENT=18.500000
-0.950000 0.000000
-0.850000 36.810799
-0.750000 943.080444
-0.650000 4334.030762
-0.550000 5172.338379
-0.450000 5947.524414
-0.350000 5525.562012
-0.250000 4712.361328
-0.150000 4749.002930
-0.050000 3958.431152
0.050000 814.917358
0.150000 2.135486
0.250000 0.003485
0.350000 0.000011
0.450000 0.000000
0.550000 0.000000
0.650000 0.000000
0.750000 0.000000
0.850000 0.000000
0.950000 0.000000
EXPONENT=19.000000
-0.950000 0.000000
-0.850000 42.211178
-0.750000 1369.397949
-0.650000 8044.791992
-0.550000 11968.723633
-0.450000 12547.081055
-0.350000 13347.042969
-0.250000 12438.791016
-0.150000 9802.650391
-0.050000 7392.652344
0.050000 1312.289673
0.150000 1.126603
0.250000 0.000054
0.350000 0.000000
0.450000 0.000000
0.550000 0.000000
0.650000 0.000000
0.750000 0.000000
0.850000 0.000000
0.950000 0.000000
EXPONENT=19.500000
-0.950000 0.000000
-0.850000 82.488892
-0.750000 4605.749023
-0.650000 17455.140625
-0.550000 24288.589844
-0.450000 25571.886719
-0.350000 30171.802734
-0.250000 23578.796875
-0.150000 19673.437500
-0.050000 15893.535156
0.050000 3436.185547
0.150000 0.086311
0.250000 0.000000
0.350000 0.000000
0.450000 0.000000
0.550000 0.000000
0.650000 0.000000
0.750000 0.000000
0.850000 0.000000
0.950000 0.000000
EXPONENT=20.000000
-0.950000 0.000000
-0.850000 173.120499
-0.750000 6260.330566
-0.650000 30471.212891
-0.550000 45522.531250
-0.450000 41605.839844
-0.350000 45153.144531
-0.250000 41943.324219
-0.150000 43677.847656
-0.050000 32992.054688
0.050000 3903.826172
0.150000 0.003215
0.250000 0.000000
0.350000 0.000000
0.450000 0.000000
0.550000 0.000000
0.650000 0.000000
0.750000 0.000000
0.850000 0.000000
0.950000 0.000000
EXPONENT=20.500000
-0.950000 0.000000
-0.850000 371.655670
-0.750000 14563.208008
-0.650000 59424.015625
-0.550000 71564.531250
-0.450000 86170.601562
-0.350000 87206.656250
-0.250000 82731.484375
-0.150000 79021.929688
-0.050000 49645.738281
0.050000 3911.848633
0.150000 0.000027
0.250000 0.000000
0.350000 0.000000
0.450000 0.000000
0.550000 0.000000
0.650000 0.000000
0.750000 0.000000
0.850000 0.000000
0.950000 0.000000
