EXPONENT=16.000000
-0.950000 0.000000
-0.850000 0.264983
-0.750000 0.000000
-0.650000 0.986822
-0.550000 6.701970
-0.450000 4.872769
-0.350000 3.139814
-0.250000 2.488717
-0.150000 0.405229
-0.050000 1.393479
0.050000 0.356741
0.150000 0.068571
0.250000 0.000000
0.350000 0.014218
0.450000 0.016063
0.550000 0.016707
0.650000 0.007546
0.750000 0.012484
0.850000 0.002286
0.950000 0.000002
EXPONENT=17.000000
-0.950000 0.000000
-0.850000 0.000000
-0.750000 0.000000
-0.650000 23.753071
-0.550000 99.486816
-0.450000 221.397186
-0.350000 197.667130
-0.250000 183.379730
-0.150000 149.985245
-0.050000 114.856400
0.050000 38.194756
0.150000 4.369019
0.250000 0.175754
0.350000 0.040007
0.450000 0.005473
0.550000 0.003058
0.650000 0.000580
0.750000 0.000231
0.850000 0.000036
0.950000 0.000000
EXPONENT=18.000000
-0.950000 0.000000
-0.850000 0.000000
-0.750000 8.929547
-0.650000 97.803001
-0.550000 829.912537
-0.450000 1634.400024
-0.350000 1840.284302
-0.250000 1682.260254
-0.150000 1287.712280
-0.050000 1394.238159
0.050000 350.748871
0.150000 5.693832
0.250000 0.045588
0.350000 0.000695
0.450000 0.000022
0.550000 0.000000
0.650000 0.000000
0.750000 0.000000
0.850000 0.000000
0.950000 0.000000
EXPONENT=19.000000
-0.950000 0.000000
-0.850000 0.000000
-0.750000 38.442627
-0.650000 639.193604
-0.550000 3152.782959
-0.450000 6450.686523
-0.350000 7835.665039
-0.250000 8839.839844
-0.150000 7520.677734
-0.050000 6175.066406
0.050000 1318.621460
0.150000 0.552734
0.250000 0.000062
0.350000 0.000000
0.450000 0.000000
0.550000 0.000000
0.650000 0.000000
0.750000 0.000000
0.850000 0.000000
0.950000 0.000000
EXPONENT=20.000000
-0.950000 0.000000
-0.850000 0.000000
-0.750000 337.818848
-0.650000 5402.676758
-0.550000 16289.050781
-0.450000 27197.750000
-0.350000 30100.871094
-0.250000 27916.080078
-0.150000 25021.312500
-0.050000 21052.337891
0.050000 2495.687744
0.150000 0.003039
0.250000 0.000000
0.350000 0.000000
0.450000 0.000000
0.550000 0.000000
0.650000 0.000000
0.750000 0.000000
0.850000 0.000000
0.950000 0.000000
