EXPONENT=16.000000
5.000000 0.000000
15.000000 0.000000
25.000000 0.000022
35.000000 0.004478
45.000000 0.011817
55.000000 0.014002
65.000000 0.019109
75.000000 0.040658
85.000000 0.206441
95.000000 1.037288
105.000000 2.889775
115.000000 3.571082
125.000000 5.178379
135.000000 0.248066
145.000000 0.266688
155.000000 0.000000
165.000000 0.000000
175.000000 0.000000
EXPONENT=17.000000
5.000000 0.000000
15.000000 0.000000
25.000000 0.000000
35.000000 0.000110
45.000000 0.000330
55.000000 0.002370
65.000000 0.012137
75.000000 0.350058
85.000000 24.289309
95.000000 133.047714
105.000000 186.053391
115.000000 204.525177
125.000000 82.970833
135.000000 4.248135
145.000000 0.000000
155.000000 0.000000
165.000000 0.000000
175.000000 0.000000
EXPONENT=18.000000
5.000000 0.000000
15.000000 0.000000
25.000000 0.000000
35.000000 0.000000
45.000000 0.000000
55.000000 0.000000
65.000000 0.000109
75.000000 0.096183
85.000000 205.788147
95.000000 1339.721558
105.000000 1689.604370
115.000000 1688.128296
125.000000 642.134033
135.000000 15.476568
145.000000 0.000000
155.000000 0.000000
165.000000 0.000000
175.000000 0.000000
EXPONENT=19.000000
5.000000 0.000000
15.000000 0.000000
25.000000 0.000000
35.000000 0.000000
45.000000 0.000000
55.000000 0.000000
65.000000 0.000000
75.000000 0.000193
85.000000 761.458923
95.000000 6456.588867
105.000000 8820.263672
115.000000 6815.267090
125.000000 2586.275635
135.000000 107.337692
145.000000 0.000000
155.000000 0.000000
165.000000 0.000000
175.000000 0.000000
EXPONENT=20.000000
5.000000 0.000000
15.000000 0.000000
25.000000 0.000000
35.000000 0.000000
45.000000 0.000000
55.000000 0.000000
65.000000 0.000000
75.000000 0.000000
85.000000 1437.639038
95.000000 21910.384766
105.000000 29054.787109
115.000000 28055.839844
125.000000 13586.910156
135.000000 2100.836670
145.000000 0.000000
155.000000 0.000000
165.000000 0.000000
175.000000 0.000000
