EXPONENT=16.000000
5.000000 0.000000
15.000000 0.000000
25.000000 0.000008
35.000000 0.006762
45.000000 0.014072
55.000000 0.012520
65.000000 0.027890
75.000000 0.000000
85.000000 0.439878
95.000000 0.582460
105.000000 2.152088
115.000000 2.291265
125.000000 3.805398
135.000000 6.448022
145.000000 0.603076
155.000000 0.363858
165.000000 0.000000
175.000000 0.000000
EXPONENT=17.000000
5.000000 0.000000
15.000000 0.000000
25.000000 0.000000
35.000000 0.000102
45.000000 0.000532
55.000000 0.002749
65.000000 0.016923
75.000000 0.417745
85.000000 12.098194
95.000000 107.255791
105.000000 190.368744
115.000000 164.855148
125.000000 189.758011
135.000000 104.447838
145.000000 3.272758
155.000000 4.207165
165.000000 0.000000
175.000000 0.000000
EXPONENT=18.000000
5.000000 0.000000
15.000000 0.000000
25.000000 0.000000
35.000000 0.000000
45.000000 0.000000
55.000000 0.000001
65.000000 0.000086
75.000000 0.112863
85.000000 200.596649
95.000000 1429.147949
105.000000 2127.192871
115.000000 2130.081787
125.000000 1909.408936
135.000000 896.968323
145.000000 57.118855
155.000000 12.361010
165.000000 19.154980
175.000000 0.000000
EXPONENT=19.000000
5.000000 0.000000
15.000000 0.000000
25.000000 0.000000
35.000000 0.000000
45.000000 0.000000
55.000000 0.000000
65.000000 0.000000
75.000000 0.000291
85.000000 760.772827
95.000000 8204.204102
105.000000 12590.151367
115.000000 12711.514648
125.000000 10767.728516
135.000000 4781.053223
145.000000 171.789856
155.000000 0.000000
165.000000 0.000000
175.000000 0.000000
EXPONENT=20.000000
5.000000 0.000000
15.000000 0.000000
25.000000 0.000000
35.000000 0.000000
45.000000 0.000000
55.000000 0.000000
65.000000 0.000000
75.000000 0.000000
85.000000 2252.753906
95.000000 37283.925781
105.000000 44229.562500
115.000000 41891.011719
125.000000 43323.644531
135.000000 15674.397461
145.000000 1425.319824
155.000000 0.000000
165.000000 0.000000
175.000000 0.000000
