# Enu [GeV] / effarea NuE [m^2] / effarea NuMu [m^2] / effarea NuTau [m^2]
1.082957200589916056e+02 0.000000000000000000e+00 0.000000000000000000e+00 0.000000000000000000e+00
1.262635396029178878e+02 0.000000000000000000e+00 0.000000000000000000e+00 0.000000000000000000e+00
1.472124791669820070e+02 0.000000000000000000e+00 0.000000000000000000e+00 0.000000000000000000e+00
1.716371494941702451e+02 0.000000000000000000e+00 0.000000000000000000e+00 0.000000000000000000e+00
2.001142243727087475e+02 0.000000000000000000e+00 0.000000000000000000e+00 7.965346071614476386e-07
2.333160560770731990e+02 1.258898350897652563e-06 0.000000000000000000e+00 0.000000000000000000e+00
2.720265498067408316e+02 3.174705170749803074e-06 3.228544073863304220e-06 0.000000000000000000e+00
3.171596719229419250e+02 1.763668296916875988e-05 1.961826228580321185e-06 0.000000000000000000e+00
3.697810289684287000e+02 1.172084230347536504e-04 2.317198595847003162e-05 1.419271939084865153e-06
4.311330269573875285e+02 4.154432972427457571e-04 4.577013532980345190e-05 5.240941754891537130e-05
5.026642049538707511e+02 1.343914656899869442e-03 1.292618690058588982e-04 1.655565283726900816e-04
5.860634355133283862e+02 2.919672289863228798e-03 1.880172931123524904e-04 6.630715215578675270e-04
6.832997994699171613e+02 5.809939932078123093e-03 6.206345278769731522e-04 1.508800312876701355e-03
7.966690765252678830e+02 9.748847223818302155e-03 1.018356299027800560e-03 3.151166019961237907e-03
9.288479492954472789e+02 1.713532768189907074e-02 2.175517147406935692e-03 6.282618734985589981e-03
1.082957200589915601e+03 2.851241454482078552e-02 2.589430660009384155e-03 1.119366567581892014e-02
1.262635396029178310e+03 4.270713031291961670e-02 4.543269053101539612e-03 1.947809197008609772e-02
1.472124791669819842e+03 6.125535443425178528e-02 7.724025752395391464e-03 3.106972202658653259e-02
1.716371494941702394e+03 8.561135828495025635e-02 1.130102016031742096e-02 4.675008356571197510e-02
2.001142243727086679e+03 1.160092875361442566e-01 1.653767377138137817e-02 6.755759567022323608e-02
2.333160560770731081e+03 1.565764695405960083e-01 2.043932676315307617e-02 9.448923915624618530e-02
2.720265498067408771e+03 1.947496831417083740e-01 3.088586404919624329e-02 1.365363001823425293e-01
3.171596719229419250e+03 2.393335998058319092e-01 4.086681827902793884e-02 1.785510480403900146e-01
3.697810289684287000e+03 2.879121601581573486e-01 5.697990208864212036e-02 2.188642323017120361e-01
4.311330269573877558e+03 3.736518919467926025e-01 7.539986819028854370e-02 2.716034352779388428e-01
5.026642049538710125e+03 4.293336570262908936e-01 1.026548221707344055e-01 3.156785666942596436e-01
5.860634355133283862e+03 5.106866955757141113e-01 1.158856898546218872e-01 4.095512926578521729e-01
6.832997994699171613e+03 6.085237264633178711e-01 1.307468265295028687e-01 4.855684936046600342e-01
7.966690765252680649e+03 6.803846955299377441e-01 1.652026027441024780e-01 5.768519639968872070e-01
9.288479492954473244e+03 7.944506406784057617e-01 2.005176693201065063e-01 6.579695343971252441e-01
1.082957200589915556e+04 9.000045061111450195e-01 2.284021526575088501e-01 7.362182736396789551e-01
1.262635396029177718e+04 1.034700751304626465e+00 2.575249969959259033e-01 8.729448914527893066e-01
1.472124791669819024e+04 1.154760718345642090e+00 3.261094093322753906e-01 1.002092719078063965e+00
1.716371494941702258e+04 1.311761856079101562e+00 3.789716362953186035e-01 1.066130399703979492e+00
2.001142243727088498e+04 1.418799877166748047e+00 4.018318653106689453e-01 1.179402112960815430e+00
2.333160560770734446e+04 1.560116171836853027e+00 4.362514913082122803e-01 1.344646692276000977e+00
2.720265498067409862e+04 1.662005543708801270e+00 5.033026933670043945e-01 1.523024559020996094e+00
3.171596719229418886e+04 1.772641777992248535e+00 5.678495168685913086e-01 1.655467510223388672e+00
3.697810289684284362e+04 1.959173798561096191e+00 5.537887811660766602e-01 1.853511095046997070e+00
4.311330269573870464e+04 2.076029300689697266e+00 6.272260546684265137e-01 2.046941280364990234e+00
5.026642049538705032e+04 2.141561269760131836e+00 7.162237167358398438e-01 2.160996198654174805e+00
5.860634355133283680e+04 2.281631946563720703e+00 7.957395911216735840e-01 2.339607477188110352e+00
6.832997994699174888e+04 2.433341503143310547e+00 8.934705853462219238e-01 2.553076505661010742e+00
7.966690765252683195e+04 2.660378456115722656e+00 7.638283371925354004e-01 2.832674503326416016e+00
9.288479492954473244e+04 2.682106733322143555e+00 8.231461644172668457e-01 2.960829973220825195e+00
1.082957200589915446e+05 2.702269077301025391e+00 8.583666086196899414e-01 2.994335174560546875e+00
1.262635396029177646e+05 2.721419572830200195e+00 1.084344267845153809e+00 3.203603982925415039e+00
1.472124791669819097e+05 2.775337934494018555e+00 1.103654742240905762e+00 3.309762477874755859e+00
1.716371494941702404e+05 2.719517469406127930e+00 9.848642349243164062e-01 3.644073963165283203e+00
2.001142243727088789e+05 2.694485664367675781e+00 1.124583244323730469e+00 4.106552600860595703e+00
2.333160560770734446e+05 2.730902194976806641e+00 9.400454163551330566e-01 4.045937061309814453e+00
2.720265498067409499e+05 2.488436460494995117e+00 6.176472902297973633e-01 3.757771492004394531e+00
3.171596719229419250e+05 2.510740280151367188e+00 1.107455492019653320e+00 3.301081657409667969e+00
3.697810289684284944e+05 2.423280477523803711e+00 7.924151420593261719e-01 3.436772346496582031e+00
4.311330269573871046e+05 2.186076641082763672e+00 6.890478134155273438e-01 4.507514953613281250e+00
5.026642049538705032e+05 2.123367547988891602e+00 6.312734484672546387e-01 4.488759040832519531e+00
5.860634355133282952e+05 1.812698125839233398e+00 9.902184605598449707e-01 4.885041236877441406e+00
6.832997994699175470e+05 1.826890945434570312e+00 9.613335728645324707e-01 4.470821380615234375e+00
7.966690765252683777e+05 1.747439742088317871e+00 3.761334419250488281e-01 5.296214580535888672e+00
9.288479492954472080e+05 1.468769669532775879e+00 1.290895700454711914e+00 5.906449317932128906e+00
1.082957200589915505e+06 1.300189256668090820e+00 8.379895687103271484e-01 5.189848423004150391e+00
1.262635396029177587e+06 1.321358442306518555e+00 2.147362977266311646e-01 5.249835491180419922e+00
1.472124791669819038e+06 1.058269858360290527e+00 8.290452957153320312e-01 3.271646261215209961e+00
1.716371494941702578e+06 8.824738264083862305e-01 3.671381175518035889e-01 5.717370986938476562e+00
2.001142243727086578e+06 6.714781522750854492e-01 2.041501551866531372e-01 4.618782997131347656e+00
2.333160560770732351e+06 7.063071727752685547e-01 2.424704432487487793e-01 4.273772716522216797e+00
2.720265498067409731e+06 5.601902604103088379e-01 3.361268341541290283e-01 3.823753118515014648e+00
3.171596719229418784e+06 4.855149984359741211e-01 3.623168468475341797e-01 4.414773941040039062e+00
3.697810289684285410e+06 3.216422200202941895e-01 2.267435044050216675e-01 5.739270210266113281e+00
4.311330269573875703e+06 2.099514305591583252e-01 6.139400973916053772e-02 2.471429586410522461e+00
5.026642049538709223e+06 1.618748009204864502e-01 8.438821136951446533e-02 3.764325380325317383e+00
5.860634355133283883e+06 1.042323336005210876e-01 9.626894444227218628e-02 4.291862964630126953e+00
6.832997994699168950e+06 1.536912769079208374e-01 6.234425306320190430e-02 5.386381149291992188e+00
7.966690765252675861e+06 8.037140220403671265e-02 3.726578131318092346e-02 3.765221595764160156e+00
9.288479492954473943e+06 7.219094783067703247e-02 3.932804614305496216e-02 4.278711795806884766e+00
