# Enu [GeV] / effarea NuE [m^2] / effarea NuMu [m^2] / effarea NuTau [m^2]
1.082957200589916056e+02 0.000000000000000000e+00 0.000000000000000000e+00 0.000000000000000000e+00
1.262635396029178878e+02 0.000000000000000000e+00 0.000000000000000000e+00 0.000000000000000000e+00
1.472124791669820070e+02 0.000000000000000000e+00 0.000000000000000000e+00 0.000000000000000000e+00
1.716371494941702451e+02 0.000000000000000000e+00 0.000000000000000000e+00 0.000000000000000000e+00
2.001142243727087475e+02 0.000000000000000000e+00 0.000000000000000000e+00 0.000000000000000000e+00
2.333160560770731990e+02 5.861534191353712231e-07 0.000000000000000000e+00 0.000000000000000000e+00
2.720265498067408316e+02 2.506944838387425989e-06 0.000000000000000000e+00 0.000000000000000000e+00
3.171596719229419250e+02 1.433241777704097331e-05 0.000000000000000000e+00 5.456013241200707853e-06
3.697810289684287000e+02 1.029879422276280820e-04 1.654276820772793144e-05 1.581433207320515066e-05
4.311330269573875285e+02 4.122368700336664915e-04 5.989572309772484004e-05 3.759514584089629352e-05
5.026642049538707511e+02 1.068683341145515442e-03 1.097580170608125627e-04 2.218815643573179841e-04
5.860634355133283862e+02 2.099144970998167992e-03 2.550668141338974237e-04 5.478921812027692795e-04
6.832997994699171613e+02 4.451521206647157669e-03 4.121517122257500887e-04 1.415701466612517834e-03
7.966690765252678830e+02 8.040240965783596039e-03 7.940939394757151604e-04 2.856991253793239594e-03
9.288479492954472789e+02 1.386559754610061646e-02 1.359914778731763363e-03 5.089385434985160828e-03
1.082957200589915601e+03 2.281620353460311890e-02 2.460158662870526314e-03 8.920123800635337830e-03
1.262635396029178310e+03 3.505966439843177795e-02 4.308470990508794785e-03 1.596223562955856323e-02
1.472124791669819842e+03 5.258805304765701294e-02 5.540155339986085892e-03 2.459064312279224396e-02
1.716371494941702394e+03 7.502987980842590332e-02 9.138872846961021423e-03 3.870715200901031494e-02
2.001142243727086679e+03 1.040248796343803406e-01 1.593102701008319855e-02 5.997667834162712097e-02
2.333160560770731081e+03 1.453648507595062256e-01 2.131676673889160156e-02 8.856767416000366211e-02
2.720265498067408771e+03 1.838925927877426147e-01 3.222171962261199951e-02 1.157279834151268005e-01
3.171596719229419250e+03 2.366178482770919800e-01 3.995806351304054260e-02 1.491417288780212402e-01
3.697810289684287000e+03 2.970882654190063477e-01 4.936971142888069153e-02 2.024161219596862793e-01
4.311330269573877558e+03 3.611761331558227539e-01 6.842934340238571167e-02 2.421129643917083740e-01
5.026642049538710125e+03 4.384483695030212402e-01 8.847904950380325317e-02 3.210094869136810303e-01
5.860634355133283862e+03 5.342902541160583496e-01 1.068619191646575928e-01 4.037507176399230957e-01
6.832997994699171613e+03 6.409007310867309570e-01 1.351525932550430298e-01 4.759644865989685059e-01
7.966690765252680649e+03 7.642197608947753906e-01 1.651403456926345825e-01 5.757296681404113770e-01
9.288479492954473244e+03 8.724490404129028320e-01 2.026298344135284424e-01 6.870048046112060547e-01
1.082957200589915556e+04 1.029530405998229980e+00 2.396084666252136230e-01 8.626160025596618652e-01
1.262635396029177718e+04 1.200612425804138184e+00 2.921862006187438965e-01 9.619770050048828125e-01
1.472124791669819024e+04 1.378135204315185547e+00 3.170311152935028076e-01 1.064988374710083008e+00
1.716371494941702258e+04 1.573453187942504883e+00 4.246276617050170898e-01 1.246147990226745605e+00
2.001142243727088498e+04 1.761441111564636230e+00 4.905202984809875488e-01 1.426005840301513672e+00
2.333160560770734446e+04 1.964164018630981445e+00 5.616679191589355469e-01 1.660663723945617676e+00
2.720265498067409862e+04 2.206204891204833984e+00 6.038845181465148926e-01 1.853748679161071777e+00
3.171596719229418886e+04 2.421873331069946289e+00 7.052159905433654785e-01 2.191925525665283203e+00
3.697810289684284362e+04 2.722966432571411133e+00 8.607786893844604492e-01 2.345780372619628906e+00
4.311330269573870464e+04 2.982037544250488281e+00 8.163923025131225586e-01 2.752953529357910156e+00
5.026642049538705032e+04 3.324788331985473633e+00 1.114035844802856445e+00 2.856433391571044922e+00
5.860634355133283680e+04 3.594288349151611328e+00 1.145805001258850098e+00 3.263593435287475586e+00
6.832997994699174888e+04 3.881991863250732422e+00 1.226811289787292480e+00 3.654809951782226562e+00
7.966690765252683195e+04 4.370900630950927734e+00 1.393302679061889648e+00 3.887891054153442383e+00
9.288479492954473244e+04 4.653756141662597656e+00 1.516315102577209473e+00 4.318572521209716797e+00
1.082957200589915446e+05 5.085623264312744141e+00 1.657722711563110352e+00 3.914876461029052734e+00
1.262635396029177646e+05 5.410072803497314453e+00 1.557817816734313965e+00 5.419286251068115234e+00
1.472124791669819097e+05 5.731143951416015625e+00 2.163843631744384766e+00 5.815740108489990234e+00
1.716371494941702404e+05 6.227987289428710938e+00 1.943271636962890625e+00 6.070171356201171875e+00
2.001142243727088789e+05 6.436205863952636719e+00 2.473600864410400391e+00 5.935446262359619141e+00
2.333160560770734446e+05 6.842447280883789062e+00 2.839517116546630859e+00 6.881774902343750000e+00
2.720265498067409499e+05 7.104789257049560547e+00 2.431038379669189453e+00 7.274329662322998047e+00
3.171596719229419250e+05 7.386693954467773438e+00 3.047134399414062500e+00 7.232845783233642578e+00
3.697810289684284944e+05 7.959306716918945312e+00 2.712237596511840820e+00 7.649809837341308594e+00
4.311330269573871046e+05 7.796440601348876953e+00 2.378459453582763672e+00 9.521780967712402344e+00
5.026642049538705032e+05 8.557846069335937500e+00 2.983877897262573242e+00 9.270686149597167969e+00
5.860634355133282952e+05 8.462902069091796875e+00 3.577536821365356445e+00 6.646317005157470703e+00
6.832997994699175470e+05 9.190953254699707031e+00 3.262060165405273438e+00 8.421014785766601562e+00
7.966690765252683777e+05 8.478005409240722656e+00 4.555984497070312500e+00 1.140675354003906250e+01
9.288479492954472080e+05 9.048843383789062500e+00 4.090829849243164062e+00 1.125116348266601562e+01
1.082957200589915505e+06 8.671975135803222656e+00 4.068798542022705078e+00 1.354263114929199219e+01
1.262635396029177587e+06 8.800031661987304688e+00 4.289416790008544922e+00 6.313537597656250000e+00
1.472124791669819038e+06 8.966063499450683594e+00 5.798154830932617188e+00 1.182159233093261719e+01
1.716371494941702578e+06 9.458991050720214844e+00 3.934724330902099609e+00 1.228082084655761719e+01
2.001142243727086578e+06 7.801280498504638672e+00 2.342567443847656250e+00 1.045459842681884766e+01
2.333160560770732351e+06 7.701564788818359375e+00 6.010437488555908203e+00 1.089542102813720703e+01
2.720265498067409731e+06 7.662186145782470703e+00 2.808921575546264648e+00 1.305640697479248047e+01
3.171596719229418784e+06 6.993509769439697266e+00 3.456510066986083984e+00 9.728770256042480469e+00
3.697810289684285410e+06 5.574847221374511719e+00 1.697301983833312988e+00 6.655161857604980469e+00
4.311330269573875703e+06 4.318025588989257812e+00 2.405843734741210938e+00 1.510091400146484375e+01
5.026642049538709223e+06 3.764569520950317383e+00 6.333538055419921875e+00 1.837058448791503906e+01
5.860634355133283883e+06 3.237577915191650391e+00 5.946573734283447266e+00 2.030461311340332031e+01
6.832997994699168950e+06 3.365771293640136719e+00 1.151827931404113770e+00 1.167216682434082031e+01
7.966690765252675861e+06 2.101840734481811523e+00 1.717904210090637207e+00 1.694387626647949219e+01
9.288479492954473943e+06 2.943021535873413086e+00 1.956135332584381104e-01 1.179225254058837891e+01
