# Enu [GeV] / effarea NuE [m^2] / effarea NuMu [m^2] / effarea NuTau [m^2]
1.082957200589916056e+02 0.000000000000000000e+00 0.000000000000000000e+00 0.000000000000000000e+00
1.262635396029178878e+02 0.000000000000000000e+00 0.000000000000000000e+00 0.000000000000000000e+00
1.472124791669820070e+02 0.000000000000000000e+00 0.000000000000000000e+00 0.000000000000000000e+00
1.716371494941702451e+02 0.000000000000000000e+00 0.000000000000000000e+00 0.000000000000000000e+00
2.001142243727087475e+02 0.000000000000000000e+00 0.000000000000000000e+00 0.000000000000000000e+00
2.333160560770731990e+02 5.313544875207298901e-07 0.000000000000000000e+00 0.000000000000000000e+00
2.720265498067408316e+02 1.290365844397456385e-06 0.000000000000000000e+00 0.000000000000000000e+00
3.171596719229419250e+02 1.272372446692315862e-05 1.120335014093143400e-06 1.611213292562752031e-06
3.697810289684287000e+02 3.359208858455531299e-05 1.564306330692488700e-05 0.000000000000000000e+00
4.311330269573875285e+02 1.866875827545300126e-04 1.334524404228432104e-05 2.991509427374694496e-05
5.026642049538707511e+02 5.553880473598837852e-04 5.988775228615850210e-05 1.084315954358316958e-04
5.860634355133283862e+02 1.192679512314498425e-03 8.372610318474471569e-05 2.254262508358806372e-04
6.832997994699171613e+02 2.132392954081296921e-03 2.001089160330593586e-04 5.933680222369730473e-04
7.966690765252678830e+02 4.090588074177503586e-03 4.612391931004822254e-04 1.195712597109377384e-03
9.288479492954472789e+02 8.164558559656143188e-03 7.936457404866814613e-04 2.900598570704460144e-03
1.082957200589915601e+03 1.400044560432434082e-02 1.553885289467871189e-03 5.549971479922533035e-03
1.262635396029178310e+03 2.286897040903568268e-02 2.412892645224928856e-03 9.801393374800682068e-03
1.472124791669819842e+03 3.639703243970870972e-02 3.646510420367121696e-03 1.644029654562473297e-02
1.716371494941702394e+03 5.414964631199836731e-02 5.306742154061794281e-03 2.612735144793987274e-02
2.001142243727086679e+03 7.453164458274841309e-02 9.780426509678363800e-03 4.148488864302635193e-02
2.333160560770731081e+03 1.057444214820861816e-01 1.223763916641473770e-02 6.418806314468383789e-02
2.720265498067408771e+03 1.458529978990554810e-01 1.879902742803096771e-02 8.642081916332244873e-02
3.171596719229419250e+03 1.888058185577392578e-01 2.715277671813964844e-02 1.185191124677658081e-01
3.697810289684287000e+03 2.430356889963150024e-01 3.831764310598373413e-02 1.492222696542739868e-01
4.311330269573877558e+03 3.052831590175628662e-01 5.264496430754661560e-02 1.960850656032562256e-01
5.026642049538710125e+03 3.940626680850982666e-01 6.090151518583297729e-02 2.627212703227996826e-01
5.860634355133283862e+03 4.768264591693878174e-01 9.109116345643997192e-02 3.545345664024353027e-01
6.832997994699171613e+03 5.951498150825500488e-01 1.164818406105041504e-01 4.375464022159576416e-01
7.966690765252680649e+03 7.162882685661315918e-01 1.354481428861618042e-01 5.253322124481201172e-01
9.288479492954473244e+03 8.611249923706054688e-01 2.002692967653274536e-01 6.517575383186340332e-01
1.082957200589915556e+04 1.028161883354187012e+00 2.223986238241195679e-01 8.021516799926757812e-01
1.262635396029177718e+04 1.223400712013244629e+00 3.046050965785980225e-01 9.522011280059814453e-01
1.472124791669819024e+04 1.363044261932373047e+00 3.579838573932647705e-01 1.124025464057922363e+00
1.716371494941702258e+04 1.617835998535156250e+00 4.360343813896179199e-01 1.448708653450012207e+00
2.001142243727088498e+04 1.825076103210449219e+00 5.019820928573608398e-01 1.473858118057250977e+00
2.333160560770734446e+04 2.133761167526245117e+00 6.118195652961730957e-01 1.833463191986083984e+00
2.720265498067409862e+04 2.449358701705932617e+00 6.956874132156372070e-01 1.998715519905090332e+00
3.171596719229418886e+04 2.666426658630371094e+00 8.566026091575622559e-01 2.276243448257446289e+00
3.697810289684284362e+04 3.110358715057373047e+00 1.017169594764709473e+00 2.728657960891723633e+00
4.311330269573870464e+04 3.387969732284545898e+00 1.154425740242004395e+00 2.906273603439331055e+00
5.026642049538705032e+04 3.829756975173950195e+00 1.301554799079895020e+00 3.579302310943603516e+00
5.860634355133283680e+04 4.264506816864013672e+00 1.289884448051452637e+00 3.748384714126586914e+00
6.832997994699174888e+04 4.894661903381347656e+00 1.603757858276367188e+00 4.381795406341552734e+00
7.966690765252683195e+04 5.503710269927978516e+00 1.847417950630187988e+00 4.677258968353271484e+00
9.288479492954473244e+04 5.998711585998535156e+00 1.958284378051757812e+00 5.307958602905273438e+00
1.082957200589915446e+05 6.678039550781250000e+00 2.185643911361694336e+00 6.019877433776855469e+00
1.262635396029177646e+05 7.418810367584228516e+00 2.592519998550415039e+00 5.840693950653076172e+00
1.472124791669819097e+05 8.261138916015625000e+00 2.998151302337646484e+00 7.362958431243896484e+00
1.716371494941702404e+05 8.885165214538574219e+00 3.325361013412475586e+00 6.920713901519775391e+00
2.001142243727088789e+05 9.434919357299804688e+00 3.327720642089843750e+00 8.469527244567871094e+00
2.333160560770734446e+05 1.063293743133544922e+01 4.167654991149902344e+00 9.518443107604980469e+00
2.720265498067409499e+05 1.142681121826171875e+01 3.994101762771606445e+00 1.022791862487792969e+01
3.171596719229419250e+05 1.258295917510986328e+01 4.320000171661376953e+00 9.671190261840820312e+00
3.697810289684284944e+05 1.317705631256103516e+01 4.952558994293212891e+00 1.112377452850341797e+01
4.311330269573871046e+05 1.495568370819091797e+01 5.437028884887695312e+00 1.269799327850341797e+01
5.026642049538705032e+05 1.634675598144531250e+01 4.910787105560302734e+00 1.316041088104248047e+01
5.860634355133282952e+05 1.713610839843750000e+01 7.176105022430419922e+00 1.302293491363525391e+01
6.832997994699175470e+05 1.866042900085449219e+01 6.932587623596191406e+00 1.673740959167480469e+01
7.966690765252683777e+05 1.998616981506347656e+01 4.778233051300048828e+00 1.535389423370361328e+01
9.288479492954472080e+05 2.139422225952148438e+01 9.467235565185546875e+00 1.812675857543945312e+01
1.082957200589915505e+06 2.341064643859863281e+01 1.240168285369873047e+01 2.078467369079589844e+01
1.262635396029177587e+06 2.512311553955078125e+01 1.051472663879394531e+01 1.759624862670898438e+01
1.472124791669819038e+06 2.558801460266113281e+01 1.125288867950439453e+01 2.465453910827636719e+01
1.716371494941702578e+06 2.761638450622558594e+01 1.157071685791015625e+01 1.902187156677246094e+01
2.001142243727086578e+06 3.011458587646484375e+01 1.479180526733398438e+01 2.428681945800781250e+01
2.333160560770732351e+06 3.227040863037109375e+01 1.288396167755126953e+01 2.773833274841308594e+01
2.720265498067409731e+06 3.350072860717773438e+01 1.253504657745361328e+01 3.216046524047851562e+01
3.171596719229418784e+06 3.555289840698242188e+01 1.850489807128906250e+01 2.595767021179199219e+01
3.697810289684285410e+06 3.878020477294921875e+01 1.192523765563964844e+01 2.912905693054199219e+01
4.311330269573875703e+06 4.565650558471679688e+01 1.396621227264404297e+01 3.526313781738281250e+01
5.026642049538709223e+06 4.947259521484375000e+01 2.390178298950195312e+01 3.101809120178222656e+01
5.860634355133283883e+06 4.888669586181640625e+01 2.266987228393554688e+01 3.271177291870117188e+01
6.832997994699168950e+06 3.824288940429687500e+01 2.512631034851074219e+01 3.290450286865234375e+01
7.966690765252675861e+06 5.115000534057617188e+01 2.625500869750976562e+01 2.149629020690917969e+01
9.288479492954473943e+06 4.817230224609375000e+01 1.114185237884521484e+01 5.081401443481445312e+01
