# Enu [GeV] / effarea NuE [m^2] / effarea NuMu [m^2] / effarea NuTau [m^2]
1.082957200589916056e+02 0.000000000000000000e+00 0.000000000000000000e+00 0.000000000000000000e+00
1.262635396029178878e+02 0.000000000000000000e+00 0.000000000000000000e+00 0.000000000000000000e+00
1.472124791669820070e+02 0.000000000000000000e+00 0.000000000000000000e+00 0.000000000000000000e+00
1.716371494941702451e+02 0.000000000000000000e+00 0.000000000000000000e+00 0.000000000000000000e+00
2.001142243727087475e+02 0.000000000000000000e+00 0.000000000000000000e+00 0.000000000000000000e+00
2.333160560770731990e+02 2.672805067049921490e-06 0.000000000000000000e+00 0.000000000000000000e+00
2.720265498067408316e+02 5.078217782283900306e-06 0.000000000000000000e+00 0.000000000000000000e+00
3.171596719229419250e+02 2.236020736745558679e-05 2.213593916167155840e-06 3.074791948165511712e-06
3.697810289684287000e+02 1.117726205848157406e-04 5.238251105765812099e-06 1.101878933695843443e-05
4.311330269573875285e+02 4.686778120230883360e-04 4.146551509620621800e-05 4.999134034733287990e-05
5.026642049538707511e+02 1.273813424631953239e-03 9.222170774592086673e-05 1.629759353818371892e-04
5.860634355133283862e+02 2.751131076365709305e-03 2.416120114503428340e-04 6.080588791519403458e-04
6.832997994699171613e+02 5.126730538904666901e-03 3.706131828948855400e-04 1.539629767648875713e-03
7.966690765252678830e+02 9.410798549652099609e-03 1.009908854030072689e-03 3.384103532880544662e-03
9.288479492954472789e+02 1.567611284554004669e-02 1.795914256945252419e-03 5.742786452174186707e-03
1.082957200589915601e+03 2.541564777493476868e-02 2.968254731968045235e-03 1.087351236492395401e-02
1.262635396029178310e+03 4.045603796839714050e-02 3.839055774733424187e-03 1.683202385902404785e-02
1.472124791669819842e+03 5.914422124624252319e-02 8.297133259475231171e-03 2.873682789504528046e-02
1.716371494941702394e+03 8.162920176982879639e-02 1.186173502355813980e-02 4.323739558458328247e-02
2.001142243727086679e+03 1.145400628447532654e-01 1.697114482522010803e-02 6.500238925218582153e-02
2.333160560770731081e+03 1.470789909362792969e-01 2.172078564763069153e-02 9.261803328990936279e-02
2.720265498067408771e+03 1.952277123928070068e-01 3.254197910428047180e-02 1.198645234107971191e-01
3.171596719229419250e+03 2.486650794744491577e-01 4.068692401051521301e-02 1.686178743839263916e-01
3.697810289684287000e+03 3.117664158344268799e-01 5.604126304388046265e-02 2.040497958660125732e-01
4.311330269573877558e+03 3.721634447574615479e-01 6.843600422143936157e-02 2.823007404804229736e-01
5.026642049538710125e+03 4.532769024372100830e-01 8.955809473991394043e-02 3.648973703384399414e-01
5.860634355133283862e+03 5.333084464073181152e-01 1.131136119365692139e-01 4.062015712261199951e-01
6.832997994699171613e+03 6.328501105308532715e-01 1.503317207098007202e-01 5.014835000038146973e-01
7.966690765252680649e+03 7.227947711944580078e-01 1.740714609622955322e-01 5.975429415702819824e-01
9.288479492954473244e+03 8.736013770103454590e-01 2.144446969032287598e-01 6.947110891342163086e-01
1.082957200589915556e+04 9.992524385452270508e-01 2.211339771747589111e-01 8.323186635971069336e-01
1.262635396029177718e+04 1.174835085868835449e+00 2.956074178218841553e-01 9.432294964790344238e-01
1.472124791669819024e+04 1.291751384735107422e+00 3.260206580162048340e-01 1.101940274238586426e+00
1.716371494941702258e+04 1.465411186218261719e+00 3.410232067108154297e-01 1.259943246841430664e+00
2.001142243727088498e+04 1.655923724174499512e+00 4.685313403606414795e-01 1.362117409706115723e+00
2.333160560770734446e+04 1.823487758636474609e+00 5.432758331298828125e-01 1.632238388061523438e+00
2.720265498067409862e+04 2.003066301345825195e+00 5.057603120803833008e-01 1.785500168800354004e+00
3.171596719229418886e+04 2.258382081985473633e+00 6.900796294212341309e-01 1.934744954109191895e+00
3.697810289684284362e+04 2.486394882202148438e+00 6.965622305870056152e-01 2.378246545791625977e+00
4.311330269573870464e+04 2.650571346282958984e+00 7.785563468933105469e-01 2.462754487991333008e+00
5.026642049538705032e+04 2.897912025451660156e+00 8.890060782432556152e-01 2.699882030487060547e+00
5.860634355133283680e+04 3.154796123504638672e+00 1.075897097587585449e+00 3.054077625274658203e+00
6.832997994699174888e+04 3.446438074111938477e+00 1.251731276512145996e+00 3.475015878677368164e+00
7.966690765252683195e+04 3.738651037216186523e+00 9.633321762084960938e-01 3.646894931793212891e+00
9.288479492954473244e+04 3.965279579162597656e+00 1.483121752738952637e+00 3.684094429016113281e+00
1.082957200589915446e+05 4.133586406707763672e+00 1.396294713020324707e+00 4.235852718353271484e+00
1.262635396029177646e+05 4.411101818084716797e+00 1.229206323623657227e+00 4.225214004516601562e+00
1.472124791669819097e+05 4.681571006774902344e+00 1.637945055961608887e+00 4.905067920684814453e+00
1.716371494941702404e+05 4.694423675537109375e+00 1.927114009857177734e+00 4.812874794006347656e+00
2.001142243727088789e+05 5.122993946075439453e+00 1.810650825500488281e+00 5.729082107543945312e+00
2.333160560770734446e+05 5.100428581237792969e+00 1.819263935089111328e+00 4.921569824218750000e+00
2.720265498067409499e+05 5.247012138366699219e+00 1.987076401710510254e+00 5.441431999206542969e+00
3.171596719229419250e+05 5.450042247772216797e+00 1.882192850112915039e+00 7.179080963134765625e+00
3.697810289684284944e+05 5.274112701416015625e+00 2.351718902587890625e+00 5.633435249328613281e+00
4.311330269573871046e+05 5.658058166503906250e+00 2.017034530639648438e+00 6.472135543823242188e+00
5.026642049538705032e+05 5.222914695739746094e+00 1.605320811271667480e+00 7.043823719024658203e+00
5.860634355133282952e+05 5.450610160827636719e+00 1.812819957733154297e+00 6.960330486297607422e+00
6.832997994699175470e+05 5.062936782836914062e+00 1.922513842582702637e+00 6.290545463562011719e+00
7.966690765252683777e+05 5.055894851684570312e+00 1.391847133636474609e+00 8.094504356384277344e+00
9.288479492954472080e+05 5.054172039031982422e+00 2.197587966918945312e+00 9.044540405273437500e+00
1.082957200589915505e+06 4.580909252166748047e+00 1.999174952507019043e+00 1.174606418609619141e+01
1.262635396029177587e+06 4.469137668609619141e+00 2.196784496307373047e+00 8.297943115234375000e+00
1.472124791669819038e+06 4.145331382751464844e+00 1.813058257102966309e+00 8.427778244018554688e+00
1.716371494941702578e+06 3.587655544281005859e+00 1.208951473236083984e+00 1.050286769866943359e+01
2.001142243727086578e+06 3.439133644104003906e+00 1.768413782119750977e+00 1.025644493103027344e+01
2.333160560770732351e+06 3.011485576629638672e+00 1.518214344978332520e+00 9.910037040710449219e+00
2.720265498067409731e+06 2.722954750061035156e+00 8.757140040397644043e-01 9.305876731872558594e+00
3.171596719229418784e+06 2.451750516891479492e+00 2.108268499374389648e+00 6.965320110321044922e+00
3.697810289684285410e+06 1.415215492248535156e+00 5.321254730224609375e-01 1.219951725006103516e+01
4.311330269573875703e+06 1.333044528961181641e+00 7.193107008934020996e-01 1.026606178283691406e+01
5.026642049538709223e+06 1.309631228446960449e+00 5.130007863044738770e-01 6.159716129302978516e+00
5.860634355133283883e+06 5.317823886871337891e-01 7.536020278930664062e-01 8.620565414428710938e+00
6.832997994699168950e+06 7.810548543930053711e-01 3.320758342742919922e-01 9.707811355590820312e+00
7.966690765252675861e+06 6.836568117141723633e-01 2.489603519439697266e+00 7.644211769104003906e+00
9.288479492954473943e+06 5.474650263786315918e-01 3.046624660491943359e+00 8.579794883728027344e+00
