# Enu [GeV] / effarea NuE [m^2] / effarea NuMu [m^2] / effarea NuTau [m^2]
1.082957200589916056e+02 0.000000000000000000e+00 0.000000000000000000e+00 0.000000000000000000e+00
1.262635396029178878e+02 0.000000000000000000e+00 0.000000000000000000e+00 0.000000000000000000e+00
1.472124791669820070e+02 0.000000000000000000e+00 0.000000000000000000e+00 0.000000000000000000e+00
1.716371494941702451e+02 0.000000000000000000e+00 0.000000000000000000e+00 0.000000000000000000e+00
2.001142243727087475e+02 0.000000000000000000e+00 0.000000000000000000e+00 0.000000000000000000e+00
2.333160560770731990e+02 0.000000000000000000e+00 0.000000000000000000e+00 0.000000000000000000e+00
2.720265498067408316e+02 0.000000000000000000e+00 0.000000000000000000e+00 0.000000000000000000e+00
3.171596719229419250e+02 1.096042637982463930e-06 0.000000000000000000e+00 0.000000000000000000e+00
3.697810289684287000e+02 9.810416486288886517e-06 0.000000000000000000e+00 0.000000000000000000e+00
4.311330269573875285e+02 3.084860509261488914e-05 5.744293957832269371e-06 0.000000000000000000e+00
5.026642049538707511e+02 1.096960550057701766e-04 1.484908898419234902e-05 6.692087481496855617e-06
5.860634355133283862e+02 2.077453682431951165e-04 1.028789301926735789e-05 2.269017568323761225e-05
6.832997994699171613e+02 5.826747510582208633e-04 2.185382436437066644e-05 1.654624065849930048e-04
7.966690765252678830e+02 1.291946391575038433e-03 7.560400990769267082e-05 3.323536657262593508e-04
9.288479492954472789e+02 2.465264406055212021e-03 1.590819156263023615e-04 6.581525667570531368e-04
1.082957200589915601e+03 4.992241505533456802e-03 4.208494792692363262e-04 1.374522573314607143e-03
1.262635396029178310e+03 8.326946757733821869e-03 6.906095077283680439e-04 2.681185957044363022e-03
1.472124791669819842e+03 1.437688153237104416e-02 1.358655979856848717e-03 5.430196877568960190e-03
1.716371494941702394e+03 2.256280370056629181e-02 1.671147183515131474e-03 1.030242536216974258e-02
2.001142243727086679e+03 3.448410704731941223e-02 3.265336155891418457e-03 1.537550520151853561e-02
2.333160560770731081e+03 5.228832364082336426e-02 4.307450726628303528e-03 2.608313038945198059e-02
2.720265498067408771e+03 7.654632627964019775e-02 1.056137494742870331e-02 3.836129605770111084e-02
3.171596719229419250e+03 1.059341356158256531e-01 1.413748133927583694e-02 6.664261221885681152e-02
3.697810289684287000e+03 1.454205513000488281e-01 1.670233905315399170e-02 9.048309922218322754e-02
4.311330269573877558e+03 2.074515670537948608e-01 2.445799298584461212e-02 1.257818490266799927e-01
5.026642049538710125e+03 2.778400182723999023e-01 3.482966125011444092e-02 1.668080687522888184e-01
5.860634355133283862e+03 3.655962646007537842e-01 5.012185871601104736e-02 2.416980415582656860e-01
6.832997994699171613e+03 4.827162325382232666e-01 6.784423440694808960e-02 3.146592080593109131e-01
7.966690765252680649e+03 6.039328575134277344e-01 9.150182455778121948e-02 4.076095819473266602e-01
9.288479492954473244e+03 7.630435228347778320e-01 1.228549182415008545e-01 5.100756883621215820e-01
1.082957200589915556e+04 9.308485388755798340e-01 1.744205057621002197e-01 6.439007520675659180e-01
1.262635396029177718e+04 1.109383106231689453e+00 2.160048931837081909e-01 7.988141775131225586e-01
1.472124791669819024e+04 1.304611921310424805e+00 2.550246417522430420e-01 9.819707274436950684e-01
1.716371494941702258e+04 1.512516379356384277e+00 2.883111238479614258e-01 1.220102548599243164e+00
2.001142243727088498e+04 1.776967883110046387e+00 4.045729339122772217e-01 1.386635422706604004e+00
2.333160560770734446e+04 2.007164716720581055e+00 5.073882341384887695e-01 1.584357500076293945e+00
2.720265498067409862e+04 2.299810647964477539e+00 5.777996778488159180e-01 1.871093750000000000e+00
3.171596719229418886e+04 2.652536869049072266e+00 7.702856659889221191e-01 2.169444084167480469e+00
3.697810289684284362e+04 2.918062686920166016e+00 8.498002886772155762e-01 2.459860563278198242e+00
4.311330269573870464e+04 3.301035165786743164e+00 9.542210102081298828e-01 2.747823715209960938e+00
5.026642049538705032e+04 3.837663173675537109e+00 1.168199181556701660e+00 3.216034889221191406e+00
5.860634355133283680e+04 4.385867118835449219e+00 1.439072012901306152e+00 3.494221448898315430e+00
6.832997994699174888e+04 4.960432529449462891e+00 1.534047245979309082e+00 4.073243618011474609e+00
7.966690765252683195e+04 5.694501876831054688e+00 1.659922003746032715e+00 4.664437770843505859e+00
9.288479492954473244e+04 6.166904926300048828e+00 1.960850358009338379e+00 5.378207206726074219e+00
1.082957200589915446e+05 6.865087032318115234e+00 2.226195573806762695e+00 5.713753223419189453e+00
1.262635396029177646e+05 7.791813850402832031e+00 2.744586706161499023e+00 6.697587013244628906e+00
1.472124791669819097e+05 8.450898170471191406e+00 2.658846855163574219e+00 7.334168434143066406e+00
1.716371494941702404e+05 9.432527542114257812e+00 3.051229953765869141e+00 8.180436134338378906e+00
2.001142243727088789e+05 1.042937755584716797e+01 3.442572593688964844e+00 9.052400588989257812e+00
2.333160560770734446e+05 1.137585544586181641e+01 3.570764780044555664e+00 9.764852523803710938e+00
2.720265498067409499e+05 1.254280662536621094e+01 4.538191795349121094e+00 1.028782749176025391e+01
3.171596719229419250e+05 1.313998413085937500e+01 4.543044090270996094e+00 1.099537086486816406e+01
3.697810289684284944e+05 1.506776809692382812e+01 4.946745395660400391e+00 1.283006381988525391e+01
4.311330269573871046e+05 1.660554695129394531e+01 5.318449497222900391e+00 1.261878108978271484e+01
5.026642049538705032e+05 1.791088676452636719e+01 5.596667766571044922e+00 1.342937946319580078e+01
5.860634355133282952e+05 1.891536140441894531e+01 6.590714454650878906e+00 1.390483856201171875e+01
6.832997994699175470e+05 2.136636543273925781e+01 7.662748336791992188e+00 1.704126548767089844e+01
7.966690765252683777e+05 2.194182586669921875e+01 8.679435729980468750e+00 1.828308868408203125e+01
9.288479492954472080e+05 2.497633743286132812e+01 9.910267829895019531e+00 1.892942237854003906e+01
1.082957200589915505e+06 2.673787498474121094e+01 1.045892906188964844e+01 1.932547569274902344e+01
1.262635396029177587e+06 2.980977249145507812e+01 1.223463344573974609e+01 2.323024749755859375e+01
1.472124791669819038e+06 3.191430664062500000e+01 1.346579456329345703e+01 2.266111183166503906e+01
1.716371494941702578e+06 3.523563385009765625e+01 1.330002498626708984e+01 2.827652549743652344e+01
2.001142243727086578e+06 3.778268432617187500e+01 1.432376956939697266e+01 2.587041282653808594e+01
2.333160560770732351e+06 3.893197250366210938e+01 1.784657287597656250e+01 2.909561157226562500e+01
2.720265498067409731e+06 4.313047027587890625e+01 2.039807701110839844e+01 3.111414337158203125e+01
3.171596719229418784e+06 5.020191955566406250e+01 2.219685745239257812e+01 3.515073776245117188e+01
3.697810289684285410e+06 5.357584381103515625e+01 1.714096641540527344e+01 3.564075088500976562e+01
4.311330269573875703e+06 6.471816253662109375e+01 2.527227210998535156e+01 3.505106735229492188e+01
5.026642049538709223e+06 9.630701446533203125e+01 2.718151855468750000e+01 3.715573120117187500e+01
5.860634355133283883e+06 7.466587524414062500e+02 2.722706985473632812e+01 3.478897857666015625e+01
6.832997994699168950e+06 1.046302612304687500e+03 2.956130409240722656e+01 3.955768585205078125e+01
7.966690765252675861e+06 1.123003387451171875e+02 2.970024299621582031e+01 4.345557022094726562e+01
9.288479492954473943e+06 8.064909362792968750e+01 3.190780639648437500e+01 4.028994369506835938e+01
