# Enu [GeV] / effarea NuE [m^2] / effarea NuMu [m^2] / effarea NuTau [m^2]
1.082957200589916056e+02 0.000000000000000000e+00 0.000000000000000000e+00 0.000000000000000000e+00
1.262635396029178878e+02 0.000000000000000000e+00 0.000000000000000000e+00 0.000000000000000000e+00
1.472124791669820070e+02 0.000000000000000000e+00 0.000000000000000000e+00 0.000000000000000000e+00
1.716371494941702451e+02 0.000000000000000000e+00 0.000000000000000000e+00 0.000000000000000000e+00
2.001142243727087475e+02 0.000000000000000000e+00 0.000000000000000000e+00 0.000000000000000000e+00
2.333160560770731990e+02 7.939182182781223673e-07 7.800888397468952462e-07 0.000000000000000000e+00
2.720265498067408316e+02 3.551965619408292696e-06 1.069839527190197259e-06 0.000000000000000000e+00
3.171596719229419250e+02 2.337080150027759373e-05 3.027080765605205670e-06 3.803053914452902973e-06
3.697810289684287000e+02 8.263634663308039308e-05 1.761598832672461867e-05 7.290377197932684794e-06
4.311330269573875285e+02 3.017999988514930010e-04 4.320821608416736126e-05 3.127059608232229948e-05
5.026642049538707511e+02 7.932622684165835381e-04 1.027562320814467967e-04 1.416402665199711919e-04
5.860634355133283862e+02 1.874454785138368607e-03 1.945682015502825379e-04 4.467371909413486719e-04
6.832997994699171613e+02 3.280957695096731186e-03 4.148377920500934124e-04 1.065545598976314068e-03
7.966690765252678830e+02 6.135280709713697433e-03 6.302539841271936893e-04 2.110425382852554321e-03
9.288479492954472789e+02 1.130793243646621704e-02 1.104469527490437031e-03 4.142494406551122665e-03
1.082957200589915601e+03 1.878239959478378296e-02 1.956411404535174370e-03 7.361236494034528732e-03
1.262635396029178310e+03 3.099163807928562164e-02 3.520728787407279015e-03 1.394130662083625793e-02
1.472124791669819842e+03 4.561761766672134399e-02 6.796988658607006073e-03 1.940759830176830292e-02
1.716371494941702394e+03 6.478755921125411987e-02 8.914167061448097229e-03 3.344434872269630432e-02
2.001142243727086679e+03 8.981167525053024292e-02 1.123903691768646240e-02 5.558338388800621033e-02
2.333160560770731081e+03 1.272171735763549805e-01 2.003901079297065735e-02 7.454299926757812500e-02
2.720265498067408771e+03 1.618826836347579956e-01 2.881268411874771118e-02 1.070086956024169922e-01
3.171596719229419250e+03 2.110952585935592651e-01 3.919291868805885315e-02 1.513823866844177246e-01
3.697810289684287000e+03 2.713928818702697754e-01 3.811275959014892578e-02 1.906054168939590454e-01
4.311330269573877558e+03 3.454065322875976562e-01 6.159580126404762268e-02 2.604181468486785889e-01
5.026642049538710125e+03 4.298144280910491943e-01 8.626330643892288208e-02 2.815814912319183350e-01
5.860634355133283862e+03 5.152760744094848633e-01 1.001576706767082214e-01 3.782242536544799805e-01
6.832997994699171613e+03 6.249948143959045410e-01 1.393044739961624146e-01 4.759206473827362061e-01
7.966690765252680649e+03 7.486933469772338867e-01 1.741182506084442139e-01 5.436663627624511719e-01
9.288479492954473244e+03 8.766445517539978027e-01 2.105389833450317383e-01 6.795402765274047852e-01
1.082957200589915556e+04 1.045806050300598145e+00 2.363032698631286621e-01 8.106894493103027344e-01
1.262635396029177718e+04 1.185662508010864258e+00 2.973828613758087158e-01 9.950218796730041504e-01
1.472124791669819024e+04 1.359739065170288086e+00 3.470516204833984375e-01 1.173157572746276855e+00
1.716371494941702258e+04 1.593531250953674316e+00 4.389248788356781006e-01 1.347172856330871582e+00
2.001142243727088498e+04 1.808711051940917969e+00 5.108472108840942383e-01 1.493305683135986328e+00
2.333160560770734446e+04 2.091142416000366211e+00 6.451834440231323242e-01 1.697037816047668457e+00
2.720265498067409862e+04 2.300491571426391602e+00 6.843485236167907715e-01 1.939779877662658691e+00
3.171596719229418886e+04 2.598259687423706055e+00 8.371768593788146973e-01 2.180273771286010742e+00
3.697810289684284362e+04 2.878523826599121094e+00 8.925322294235229492e-01 2.547695636749267578e+00
4.311330269573870464e+04 3.265579938888549805e+00 9.433202147483825684e-01 3.051206111907958984e+00
5.026642049538705032e+04 3.606886386871337891e+00 1.313764214515686035e+00 2.763102769851684570e+00
5.860634355133283680e+04 3.975801944732666016e+00 1.555046319961547852e+00 3.539674758911132812e+00
6.832997994699174888e+04 4.396132469177246094e+00 1.542037963867187500e+00 4.155128002166748047e+00
7.966690765252683195e+04 4.978490352630615234e+00 1.681152224540710449e+00 4.653251171112060547e+00
9.288479492954473244e+04 5.466287612915039062e+00 1.903174877166748047e+00 4.302856922149658203e+00
1.082957200589915446e+05 6.040484905242919922e+00 2.115377664566040039e+00 5.620390415191650391e+00
1.262635396029177646e+05 6.413588523864746094e+00 2.402714014053344727e+00 6.242064476013183594e+00
1.472124791669819097e+05 6.934754371643066406e+00 2.162826299667358398e+00 6.335967063903808594e+00
1.716371494941702404e+05 7.662224292755126953e+00 2.388203144073486328e+00 7.757449626922607422e+00
2.001142243727088789e+05 8.198567390441894531e+00 3.046813726425170898e+00 7.378213882446289062e+00
2.333160560770734446e+05 8.962370872497558594e+00 2.922110557556152344e+00 8.531513214111328125e+00
2.720265498067409499e+05 9.437419891357421875e+00 3.629526615142822266e+00 7.330768585205078125e+00
3.171596719229419250e+05 1.000431632995605469e+01 3.559880971908569336e+00 9.424309730529785156e+00
3.697810289684284944e+05 1.065482807159423828e+01 2.707639694213867188e+00 1.046271800994873047e+01
4.311330269573871046e+05 1.132818412780761719e+01 3.067124128341674805e+00 9.404604911804199219e+00
5.026642049538705032e+05 1.184669017791748047e+01 3.643795967102050781e+00 1.032772731781005859e+01
5.860634355133282952e+05 1.248962211608886719e+01 3.965795040130615234e+00 1.385126304626464844e+01
6.832997994699175470e+05 1.297078418731689453e+01 6.099304199218750000e+00 1.357866287231445312e+01
7.966690765252683777e+05 1.335878467559814453e+01 5.913354396820068359e+00 1.124531269073486328e+01
9.288479492954472080e+05 1.490573310852050781e+01 9.052229881286621094e+00 1.395795631408691406e+01
1.082957200589915505e+06 1.468956661224365234e+01 5.394597530364990234e+00 1.314804172515869141e+01
1.262635396029177587e+06 1.578583812713623047e+01 6.581064701080322266e+00 1.905515480041503906e+01
1.472124791669819038e+06 1.613299369812011719e+01 8.895602226257324219e+00 1.759167098999023438e+01
1.716371494941702578e+06 1.694080162048339844e+01 9.001397132873535156e+00 1.675753593444824219e+01
2.001142243727086578e+06 1.724637794494628906e+01 1.085957717895507812e+01 1.840549850463867188e+01
2.333160560770732351e+06 1.828519630432128906e+01 6.059614181518554688e+00 2.401364517211914062e+01
2.720265498067409731e+06 1.685759353637695312e+01 1.314791870117187500e+01 2.122311401367187500e+01
3.171596719229418784e+06 1.642755317687988281e+01 1.209131240844726562e+01 2.027386093139648438e+01
3.697810289684285410e+06 1.658217430114746094e+01 8.240848541259765625e+00 1.790093040466308594e+01
4.311330269573875703e+06 1.612135887145996094e+01 8.377026557922363281e+00 2.847150802612304688e+01
5.026642049538709223e+06 1.196292591094970703e+01 7.351507663726806641e+00 2.230693435668945312e+01
5.860634355133283883e+06 7.459947109222412109e+00 6.164392948150634766e+00 1.347234630584716797e+01
6.832997994699168950e+06 8.779814720153808594e+00 1.064985656738281250e+01 2.168027496337890625e+01
7.966690765252675861e+06 1.043308258056640625e+01 1.408136463165283203e+01 3.099328041076660156e+01
9.288479492954473943e+06 1.087193584442138672e+01 5.599920749664306641e+00 1.931982803344726562e+01
