# Enu [GeV] / effarea NuE [m^2] / effarea NuMu [m^2] / effarea NuTau [m^2]
1.082957200589916056e+02 0.000000000000000000e+00 0.000000000000000000e+00 0.000000000000000000e+00
1.262635396029178878e+02 0.000000000000000000e+00 0.000000000000000000e+00 0.000000000000000000e+00
1.472124791669820070e+02 0.000000000000000000e+00 0.000000000000000000e+00 0.000000000000000000e+00
1.716371494941702451e+02 0.000000000000000000e+00 0.000000000000000000e+00 0.000000000000000000e+00
2.001142243727087475e+02 0.000000000000000000e+00 0.000000000000000000e+00 0.000000000000000000e+00
2.333160560770731990e+02 0.000000000000000000e+00 0.000000000000000000e+00 0.000000000000000000e+00
2.720265498067408316e+02 3.200978255790687399e-07 0.000000000000000000e+00 0.000000000000000000e+00
3.171596719229419250e+02 1.333588784291350748e-06 3.242459797547780909e-06 0.000000000000000000e+00
3.697810289684287000e+02 2.569925527495797724e-05 2.291102418894297443e-06 5.344737928680842742e-06
4.311330269573875285e+02 1.102635651477612555e-04 1.458747101423796266e-05 2.059392500086687505e-06
5.026642049538707511e+02 2.841516979970037937e-04 1.039116796164307743e-05 1.956615597009658813e-05
5.860634355133283862e+02 6.104272906668484211e-04 4.620550680556334555e-05 8.904789137886837125e-05
6.832997994699171613e+02 1.253596041351556778e-03 1.221192069351673126e-04 2.629497030284255743e-04
7.966690765252678830e+02 2.259282162413001060e-03 1.906024845084175467e-04 6.559096509590744972e-04
9.288479492954472789e+02 5.016537383198738098e-03 4.002947825938463211e-04 1.428335206583142281e-03
1.082957200589915601e+03 8.541907183825969696e-03 6.949049420654773712e-04 2.834821352735161781e-03
1.262635396029178310e+03 1.544273551553487778e-02 1.648111152462661266e-03 5.702144932001829147e-03
1.472124791669819842e+03 2.439145557582378387e-02 2.416496165096759796e-03 9.847543202340602875e-03
1.716371494941702394e+03 3.698395192623138428e-02 2.772758482024073601e-03 1.827541366219520569e-02
2.001142243727086679e+03 5.646128579974174500e-02 4.989238455891609192e-03 2.587208524346351624e-02
2.333160560770731081e+03 8.023263514041900635e-02 9.399766102433204651e-03 3.793416172266006470e-02
2.720265498067408771e+03 1.104867458343505859e-01 1.377388555556535721e-02 5.819455161690711975e-02
3.171596719229419250e+03 1.569094955921173096e-01 2.180604450404644012e-02 8.379569649696350098e-02
3.697810289684287000e+03 2.060716599225997925e-01 2.836434543132781982e-02 1.182053089141845703e-01
4.311330269573877558e+03 2.636975049972534180e-01 3.324595838785171509e-02 1.769947111606597900e-01
5.026642049538710125e+03 3.335180282592773438e-01 5.678015202283859253e-02 2.147841751575469971e-01
5.860634355133283862e+03 4.310329854488372803e-01 7.766591012477874756e-02 2.909235656261444092e-01
6.832997994699171613e+03 5.282405614852905273e-01 9.244855493307113647e-02 3.699151575565338135e-01
7.966690765252680649e+03 6.728527545928955078e-01 1.287626475095748901e-01 4.795266985893249512e-01
9.288479492954473244e+03 8.192044496536254883e-01 1.551791131496429443e-01 5.667223930358886719e-01
1.082957200589915556e+04 9.721398353576660156e-01 2.141141742467880249e-01 7.312903404235839844e-01
1.262635396029177718e+04 1.158180713653564453e+00 2.508958876132965088e-01 8.627642393112182617e-01
1.472124791669819024e+04 1.354717612266540527e+00 3.144167363643646240e-01 1.070923686027526855e+00
1.716371494941702258e+04 1.608161449432373047e+00 4.008337855339050293e-01 1.314033627510070801e+00
2.001142243727088498e+04 1.837607383728027344e+00 5.012475252151489258e-01 1.467855334281921387e+00
2.333160560770734446e+04 2.092572450637817383e+00 5.211882591247558594e-01 1.777953505516052246e+00
2.720265498067409862e+04 2.360756874084472656e+00 6.932442784309387207e-01 2.024946928024291992e+00
3.171596719229418886e+04 2.759089708328247070e+00 7.940979003906250000e-01 2.298826932907104492e+00
3.697810289684284362e+04 3.115133762359619141e+00 8.772172331809997559e-01 2.643884658813476562e+00
4.311330269573870464e+04 3.454901695251464844e+00 1.225077271461486816e+00 2.971826076507568359e+00
5.026642049538705032e+04 3.860477209091186523e+00 1.226010322570800781e+00 3.450724601745605469e+00
5.860634355133283680e+04 4.357424259185791016e+00 1.366592168807983398e+00 3.742019653320312500e+00
6.832997994699174888e+04 5.133222103118896484e+00 1.698602080345153809e+00 4.403034687042236328e+00
7.966690765252683195e+04 5.716909408569335938e+00 1.796825408935546875e+00 5.403574466705322266e+00
9.288479492954473244e+04 6.523774623870849609e+00 2.381661891937255859e+00 5.244834423065185547e+00
1.082957200589915446e+05 7.103366851806640625e+00 2.249277353286743164e+00 5.937784671783447266e+00
1.262635396029177646e+05 7.844589233398437500e+00 2.776170492172241211e+00 6.473011493682861328e+00
1.472124791669819097e+05 8.421798706054687500e+00 2.790102720260620117e+00 7.140059471130371094e+00
1.716371494941702404e+05 9.357699394226074219e+00 3.080581665039062500e+00 8.312509536743164062e+00
2.001142243727088789e+05 1.034990501403808594e+01 4.175413608551025391e+00 8.626760482788085938e+00
2.333160560770734446e+05 1.140123844146728516e+01 3.561100244522094727e+00 9.661987304687500000e+00
2.720265498067409499e+05 1.257383060455322266e+01 3.814233064651489258e+00 1.004360866546630859e+01
3.171596719229419250e+05 1.372141838073730469e+01 4.643245697021484375e+00 1.082582759857177734e+01
3.697810289684284944e+05 1.569706439971923828e+01 5.036385536193847656e+00 1.158445453643798828e+01
4.311330269573871046e+05 1.616295051574707031e+01 6.649028778076171875e+00 1.164807319641113281e+01
5.026642049538705032e+05 1.777482414245605469e+01 6.316124439239501953e+00 1.351667213439941406e+01
5.860634355133282952e+05 1.962992668151855469e+01 6.609929084777832031e+00 1.447608852386474609e+01
6.832997994699175470e+05 2.133641815185546875e+01 8.489476203918457031e+00 1.515657138824462891e+01
7.966690765252683777e+05 2.300939559936523438e+01 7.189640998840332031e+00 1.767082977294921875e+01
9.288479492954472080e+05 2.583093070983886719e+01 1.030365467071533203e+01 1.711285591125488281e+01
1.082957200589915505e+06 2.826586914062500000e+01 1.087569618225097656e+01 2.103687858581542969e+01
1.262635396029177587e+06 3.112248802185058594e+01 1.131128215789794922e+01 2.112507820129394531e+01
1.472124791669819038e+06 3.119029045104980469e+01 1.367319965362548828e+01 2.466473960876464844e+01
1.716371494941702578e+06 3.399120712280273438e+01 1.845320129394531250e+01 2.648675346374511719e+01
2.001142243727086578e+06 3.650193023681640625e+01 1.597552680969238281e+01 2.513543701171875000e+01
2.333160560770732351e+06 4.060807037353515625e+01 1.896309852600097656e+01 2.913325500488281250e+01
2.720265498067409731e+06 4.168540573120117188e+01 2.077664184570312500e+01 3.295724105834960938e+01
3.171596719229418784e+06 4.605764007568359375e+01 2.471500205993652344e+01 2.756316757202148438e+01
3.697810289684285410e+06 5.806027221679687500e+01 2.493581199645996094e+01 3.651799392700195312e+01
4.311330269573875703e+06 6.809993743896484375e+01 2.271830940246582031e+01 4.003799438476562500e+01
5.026642049538709223e+06 9.588610076904296875e+01 3.374343490600585938e+01 3.704134368896484375e+01
5.860634355133283883e+06 6.263950805664062500e+02 3.221385574340820312e+01 3.789649963378906250e+01
6.832997994699168950e+06 7.712581787109375000e+02 1.852458572387695312e+01 3.348411941528320312e+01
7.966690765252675861e+06 1.087858963012695312e+02 3.239884567260742188e+01 4.536548233032226562e+01
9.288479492954473943e+06 8.119549560546875000e+01 4.839114761352539062e+01 4.058623504638671875e+01
