# Enu [GeV] / effarea NuE [m^2] / effarea NuMu [m^2] / effarea NuTau [m^2]
1.082957200589916056e+02 0.000000000000000000e+00 0.000000000000000000e+00 0.000000000000000000e+00
1.262635396029178878e+02 0.000000000000000000e+00 0.000000000000000000e+00 0.000000000000000000e+00
1.472124791669820070e+02 0.000000000000000000e+00 0.000000000000000000e+00 0.000000000000000000e+00
1.716371494941702451e+02 0.000000000000000000e+00 0.000000000000000000e+00 0.000000000000000000e+00
2.001142243727087475e+02 0.000000000000000000e+00 0.000000000000000000e+00 0.000000000000000000e+00
2.333160560770731990e+02 0.000000000000000000e+00 0.000000000000000000e+00 0.000000000000000000e+00
2.720265498067408316e+02 0.000000000000000000e+00 0.000000000000000000e+00 0.000000000000000000e+00
3.171596719229419250e+02 0.000000000000000000e+00 0.000000000000000000e+00 0.000000000000000000e+00
3.697810289684287000e+02 0.000000000000000000e+00 0.000000000000000000e+00 0.000000000000000000e+00
4.311330269573875285e+02 9.684489668870810419e-06 0.000000000000000000e+00 0.000000000000000000e+00
5.026642049538707511e+02 1.698025880614295602e-05 0.000000000000000000e+00 4.763260221807286143e-06
5.860634355133283862e+02 3.435970211285166442e-05 0.000000000000000000e+00 0.000000000000000000e+00
6.832997994699171613e+02 9.156851592706516385e-05 0.000000000000000000e+00 1.907631303765811026e-05
7.966690765252678830e+02 2.981972647830843925e-04 2.790974031086079776e-05 8.335348684340715408e-05
9.288479492954472789e+02 5.660080350935459137e-04 4.536302003543823957e-05 2.025178400799632072e-04
1.082957200589915601e+03 1.126488205045461655e-03 1.071556762326508760e-04 3.978246822953224182e-04
1.262635396029178310e+03 2.501137554645538330e-03 3.678734065033495426e-04 7.591718458570539951e-04
1.472124791669819842e+03 3.959415014833211899e-03 5.063742282800376415e-04 1.375857042148709297e-03
1.716371494941702394e+03 7.498196791857481003e-03 8.592650992795825005e-04 2.951675327494740486e-03
2.001142243727086679e+03 1.289107836782932281e-02 2.345853950828313828e-03 4.834139719605445862e-03
2.333160560770731081e+03 1.944198086857795715e-02 2.811160869896411896e-03 7.766607217490673065e-03
2.720265498067408771e+03 3.482742235064506531e-02 3.911171108484268188e-03 1.346486341208219528e-02
3.171596719229419250e+03 5.187021195888519287e-02 7.605572696775197983e-03 2.529644593596458435e-02
3.697810289684287000e+03 8.107975125312805176e-02 1.133590098470449448e-02 3.616229444742202759e-02
4.311330269573877558e+03 1.218868568539619446e-01 1.988377980887889862e-02 6.078870221972465515e-02
5.026642049538710125e+03 1.926812976598739624e-01 2.626404911279678345e-02 9.012030810117721558e-02
5.860634355133283862e+03 2.633065283298492432e-01 3.762516379356384277e-02 1.313381344079971313e-01
6.832997994699171613e+03 3.676289021968841553e-01 6.138871610164642334e-02 2.014348059892654419e-01
7.966690765252680649e+03 4.885754287242889404e-01 7.892276346683502197e-02 2.885765731334686279e-01
9.288479492954473244e+03 6.399102807044982910e-01 1.121556535363197327e-01 3.960672914981842041e-01
1.082957200589915556e+04 8.242363333702087402e-01 1.544092893600463867e-01 5.393193364143371582e-01
1.262635396029177718e+04 9.961102008819580078e-01 1.920857280492782593e-01 6.755222082138061523e-01
1.472124791669819024e+04 1.188165426254272461e+00 2.509129643440246582e-01 8.515770435333251953e-01
1.716371494941702258e+04 1.417702317237854004e+00 3.081999123096466064e-01 1.090945005416870117e+00
2.001142243727088498e+04 1.674790501594543457e+00 3.824850916862487793e-01 1.245547890663146973e+00
2.333160560770734446e+04 1.906168699264526367e+00 4.834170043468475342e-01 1.538144230842590332e+00
2.720265498067409862e+04 2.191070079803466797e+00 6.212366819381713867e-01 1.767705917358398438e+00
3.171596719229418886e+04 2.532093048095703125e+00 6.862147450447082520e-01 2.101707696914672852e+00
3.697810289684284362e+04 2.906530618667602539e+00 8.123514652252197266e-01 2.367838859558105469e+00
4.311330269573870464e+04 3.279329299926757812e+00 9.778532981872558594e-01 2.720199108123779297e+00
5.026642049538705032e+04 3.750224113464355469e+00 1.158228635787963867e+00 3.118551969528198242e+00
5.860634355133283680e+04 4.438581466674804688e+00 1.381931543350219727e+00 3.384983777999877930e+00
6.832997994699174888e+04 5.039474964141845703e+00 1.549339294433593750e+00 3.990015506744384766e+00
7.966690765252683195e+04 5.648317813873291016e+00 1.795225143432617188e+00 4.614104270935058594e+00
9.288479492954473244e+04 6.321231365203857422e+00 1.976640224456787109e+00 5.097980976104736328e+00
1.082957200589915446e+05 6.938394546508789062e+00 2.320023298263549805e+00 6.107985019683837891e+00
1.262635396029177646e+05 7.734254837036132812e+00 2.471491575241088867e+00 6.309328556060791016e+00
1.472124791669819097e+05 8.478598594665527344e+00 2.746511459350585938e+00 7.016849517822265625e+00
1.716371494941702404e+05 9.388073921203613281e+00 3.130931377410888672e+00 7.897969722747802734e+00
2.001142243727088789e+05 9.970172882080078125e+00 3.535984754562377930e+00 8.679153442382812500e+00
2.333160560770734446e+05 1.133453083038330078e+01 3.910617113113403320e+00 9.611477851867675781e+00
2.720265498067409499e+05 1.267459774017333984e+01 4.681874275207519531e+00 1.027646636962890625e+01
3.171596719229419250e+05 1.390881633758544922e+01 5.135675907135009766e+00 1.121841812133789062e+01
3.697810289684284944e+05 1.533109664916992188e+01 5.567955493927001953e+00 1.196967506408691406e+01
4.311330269573871046e+05 1.662880325317382812e+01 5.928715705871582031e+00 1.306703090667724609e+01
5.026642049538705032e+05 1.842734146118164062e+01 6.359682559967041016e+00 1.356335735321044922e+01
5.860634355133282952e+05 2.051028442382812500e+01 7.115006446838378906e+00 1.569898319244384766e+01
6.832997994699175470e+05 2.120048141479492188e+01 7.891020774841308594e+00 1.632825088500976562e+01
7.966690765252683777e+05 2.317191123962402344e+01 8.083708763122558594e+00 1.786011505126953125e+01
9.288479492954472080e+05 2.572428703308105469e+01 9.506333351135253906e+00 2.003729248046875000e+01
1.082957200589915505e+06 2.664430809020996094e+01 9.489440917968750000e+00 2.168980026245117188e+01
1.262635396029177587e+06 3.103093719482421875e+01 1.050544166564941406e+01 2.276459312438964844e+01
1.472124791669819038e+06 3.267024993896484375e+01 1.174818325042724609e+01 2.453375053405761719e+01
1.716371494941702578e+06 3.525410461425781250e+01 1.399345493316650391e+01 2.612796401977539062e+01
2.001142243727086578e+06 3.840412139892578125e+01 1.548634338378906250e+01 2.840255546569824219e+01
2.333160560770732351e+06 4.198960494995117188e+01 1.558372020721435547e+01 2.861121177673339844e+01
2.720265498067409731e+06 4.293170166015625000e+01 1.823995018005371094e+01 3.056679153442382812e+01
3.171596719229418784e+06 5.108835601806640625e+01 1.668166351318359375e+01 3.065972900390625000e+01
3.697810289684285410e+06 5.581977081298828125e+01 2.036117553710937500e+01 3.234130096435546875e+01
4.311330269573875703e+06 6.574541473388671875e+01 2.101952171325683594e+01 3.458071899414062500e+01
5.026642049538709223e+06 9.409194946289062500e+01 2.302368736267089844e+01 3.597225952148437500e+01
5.860634355133283883e+06 7.879874267578125000e+02 2.504290771484375000e+01 3.126113510131835938e+01
6.832997994699168950e+06 7.471883544921875000e+02 2.917295646667480469e+01 3.643359756469726562e+01
7.966690765252675861e+06 1.002350387573242188e+02 2.727847671508789062e+01 4.046440124511718750e+01
9.288479492954473943e+06 8.023559570312500000e+01 2.916320419311523438e+01 3.942322540283203125e+01
