# Enu [GeV] / effarea NuE [m^2] / effarea NuMu [m^2] / effarea NuTau [m^2]
1.082957200589916056e+02 0.000000000000000000e+00 0.000000000000000000e+00 0.000000000000000000e+00
1.262635396029178878e+02 0.000000000000000000e+00 0.000000000000000000e+00 0.000000000000000000e+00
1.472124791669820070e+02 0.000000000000000000e+00 0.000000000000000000e+00 0.000000000000000000e+00
1.716371494941702451e+02 0.000000000000000000e+00 0.000000000000000000e+00 0.000000000000000000e+00
2.001142243727087475e+02 0.000000000000000000e+00 0.000000000000000000e+00 7.965346071614476386e-08
2.333160560770731990e+02 5.843129997629148420e-07 7.800888113251858158e-08 0.000000000000000000e+00
2.720265498067408316e+02 1.592229523339483421e-06 4.298383942114014644e-07 0.000000000000000000e+00
3.171596719229419250e+02 9.285345186071936041e-06 1.156529606305412017e-06 1.394507307850290090e-06
3.697810289684287000e+02 4.870638076681643724e-05 8.050317774177528918e-06 4.088751211384078488e-06
4.311330269573875285e+02 1.958161883521825075e-04 2.261699955852236599e-05 2.074857729894574732e-05
5.026642049538707511e+02 5.511549534276127815e-04 5.191258242120966315e-05 8.374788012588396668e-05
5.860634355133283862e+02 1.186859561130404472e-03 1.038374830386601388e-04 2.617801947053521872e-04
6.832997994699171613e+02 2.316622762009501457e-03 2.162318705813959241e-04 6.708778091706335545e-04
7.966690765252678830e+02 4.209904000163078308e-03 4.319483123254030943e-04 1.399690052494406700e-03
9.288479492954472789e+02 7.636433932930231094e-03 8.023354457691311836e-04 2.689099870622158051e-03
1.082957200589915601e+03 1.282584853470325470e-02 1.334041822701692581e-03 4.984981846064329147e-03
1.262635396029178310e+03 2.060915529727935791e-02 2.198355738073587418e-03 8.766482584178447723e-03
1.472124791669819842e+03 3.110992722213268280e-02 3.744757035747170448e-03 1.417961902916431427e-02
1.716371494941702394e+03 4.504010453820228577e-02 5.357481073588132858e-03 2.284887619316577911e-02
2.001142243727086679e+03 6.406414508819580078e-02 8.464400656521320343e-03 3.521631658077239990e-02
2.333160560770731081e+03 8.925206959247589111e-02 1.190567109733819962e-02 5.119392275810241699e-02
2.720265498067408771e+03 1.195860281586647034e-01 1.818503439426422119e-02 7.161048799753189087e-02
3.171596719229419250e+03 1.579458564519882202e-01 2.483480237424373627e-02 1.004870310425758362e-01
3.697810289684287000e+03 2.043914496898651123e-01 3.154914453625679016e-02 1.314308345317840576e-01
4.311330269573877558e+03 2.660562396049499512e-01 4.419726505875587463e-02 1.773896217346191406e-01
5.026642049538710125e+03 3.388019800186157227e-01 6.026718765497207642e-02 2.243763059377670288e-01
5.860634355133283862e+03 4.234974384307861328e-01 7.758745551109313965e-02 2.938756644725799561e-01
6.832997994699171613e+03 5.293303132057189941e-01 1.011067032814025879e-01 3.722834885120391846e-01
7.966690765252680649e+03 6.456359624862670898e-01 1.267460584640502930e-01 4.623189866542816162e-01
9.288479492954473244e+03 7.860737442970275879e-01 1.624633669853210449e-01 5.714184641838073730e-01
1.082957200589915556e+04 9.404229521751403809e-01 1.990628689527511597e-01 7.116991281509399414e-01
1.262635396029177718e+04 1.112899661064147949e+00 2.466856837272644043e-01 8.494527339935302734e-01
1.472124791669819024e+04 1.287657618522644043e+00 2.971694469451904297e-01 1.024039983749389648e+00
1.716371494941702258e+04 1.504262804985046387e+00 3.631343841552734375e-01 1.217410326004028320e+00
2.001142243727088498e+04 1.717013239860534668e+00 4.420175254344940186e-01 1.368876576423645020e+00
2.333160560770734446e+04 1.953691959381103516e+00 5.229545831680297852e-01 1.616948008537292480e+00
2.720265498067409862e+04 2.197902441024780273e+00 5.990878343582153320e-01 1.839543342590332031e+00
3.171596719229418886e+04 2.477284431457519531e+00 7.297840118408203125e-01 2.110880374908447266e+00
3.697810289684284362e+04 2.790340185165405273e+00 8.172715306282043457e-01 2.413801908493041992e+00
4.311330269573870464e+04 3.096635103225708008e+00 9.453287720680236816e-01 2.700378179550170898e+00
5.026642049538705032e+04 3.469617605209350586e+00 1.119358301162719727e+00 3.002067804336547852e+00
5.860634355133283680e+04 3.914151668548583984e+00 1.254822969436645508e+00 3.377893209457397461e+00
6.832997994699174888e+04 4.402894496917724609e+00 1.422176599502563477e+00 3.875194072723388672e+00
7.966690765252683195e+04 4.959730148315429688e+00 1.538018107414245605e+00 4.359051227569580078e+00
9.288479492954473244e+04 5.412308216094970703e+00 1.786305308341979980e+00 4.669220924377441406e+00
1.082957200589915446e+05 5.937813282012939453e+00 1.921686887741088867e+00 5.211722373962402344e+00
1.262635396029177646e+05 6.529720783233642578e+00 2.167114496231079102e+00 5.741778373718261719e+00
1.472124791669819097e+05 7.067515850067138672e+00 2.365537643432617188e+00 6.393302440643310547e+00
1.716371494941702404e+05 7.731047630310058594e+00 2.588205814361572266e+00 6.888936519622802734e+00
2.001142243727088789e+05 8.357905387878417969e+00 2.920372724533081055e+00 7.510652542114257812e+00
2.333160560770734446e+05 9.129734992980957031e+00 3.099621295928955078e+00 8.132119178771972656e+00
2.720265498067409499e+05 9.781040191650390625e+00 3.401417255401611328e+00 8.498526573181152344e+00
3.171596719229419250e+05 1.058317279815673828e+01 3.677157163619995117e+00 9.207179069519042969e+00
3.697810289684284944e+05 1.151610279083251953e+01 3.889646530151367188e+00 9.788596153259277344e+00
4.311330269573871046e+05 1.242191219329833984e+01 4.191895008087158203e+00 1.049359130859375000e+01
5.026642049538705032e+05 1.346116733551025391e+01 4.388948440551757812e+00 1.122617626190185547e+01
5.860634355133282952e+05 1.438060283660888672e+01 5.029413700103759766e+00 1.191954135894775391e+01
6.832997994699175470e+05 1.537313652038574219e+01 5.763408184051513672e+00 1.299641132354736328e+01
7.966690765252683777e+05 1.625329780578613281e+01 5.818092823028564453e+00 1.408472728729248047e+01
9.288479492954472080e+05 1.770983314514160156e+01 7.362800598144531250e+00 1.542619228363037109e+01
1.082957200589915505e+06 1.872073554992675781e+01 7.687819480895996094e+00 1.690726280212402344e+01
1.262635396029177587e+06 2.084280014038085938e+01 8.067475318908691406e+00 1.695680427551269531e+01
1.472124791669819038e+06 2.159517669677734375e+01 9.332095146179199219e+00 1.848945808410644531e+01
1.716371494941702578e+06 2.333542060852050781e+01 9.933161735534667969e+00 1.950320053100585938e+01
2.001142243727086578e+06 2.487548065185546875e+01 1.074277114868164062e+01 2.028579902648925781e+01
2.333160560770732351e+06 2.662946319580078125e+01 1.112557983398437500e+01 2.228960418701171875e+01
2.720265498067409731e+06 2.776795959472656250e+01 1.221431159973144531e+01 2.294617080688476562e+01
3.171596719229418784e+06 3.093778800964355469e+01 1.378343200683593750e+01 2.202758407592773438e+01
3.697810289684285410e+06 3.445859909057617188e+01 1.220320701599121094e+01 2.419936180114746094e+01
4.311330269573875703e+06 4.010147857666015625e+01 1.384905242919921875e+01 2.724763488769531250e+01
5.026642049538709223e+06 5.636773681640625000e+01 1.730766868591308594e+01 2.669368362426757812e+01
5.860634355133283883e+06 3.655960998535156250e+02 1.773842811584472656e+01 2.576660156250000000e+01
6.832997994699168950e+06 4.183900756835937500e+02 1.719634246826171875e+01 2.629898071289062500e+01
7.966690765252675861e+06 5.994135665893554688e+01 1.866101837158203125e+01 2.836915779113769531e+01
9.288479492954473943e+06 4.620640945434570312e+01 1.880986022949218750e+01 2.844024276733398438e+01
