nb,ul
0.00,2.43
0.01,2.44
0.02,2.45
0.03,2.46
0.04,2.47
0.05,2.48
0.06,2.49
0.07,2.50
0.08,2.51
0.09,2.52
0.10,2.53
0.11,2.53
0.12,2.54
0.13,2.55
0.14,2.56
0.15,2.57
0.16,2.58
0.17,2.59
0.18,2.59
0.19,2.60
0.20,2.61
0.21,2.62
0.22,2.63
0.23,2.64
0.24,2.65
0.25,2.65
0.26,2.66
0.27,2.67
0.28,2.68
0.29,2.69
0.30,2.69
0.31,2.70
0.32,2.71
0.33,2.72
0.34,2.73
0.35,2.74
0.36,2.74
0.37,2.75
0.38,2.76
0.39,2.77
0.40,2.78
0.41,2.78
0.42,2.79
0.43,2.80
0.44,2.81
0.45,2.82
0.46,2.82
0.47,2.83
0.48,2.84
0.49,2.85
0.50,2.85
0.51,2.86
0.52,2.87
0.53,2.88
0.54,2.89
0.55,2.89
0.56,2.90
0.57,2.91
0.58,2.92
0.59,2.92
0.60,2.93
0.61,2.94
0.62,2.95
0.63,2.96
0.64,2.97
0.65,2.98
0.66,2.99
0.67,3.00
0.68,3.01
0.69,3.02
0.70,3.03
0.71,3.03
0.72,3.04
0.73,3.05
0.74,3.06
0.75,3.07
0.76,3.08
0.77,3.09
0.78,3.09
0.79,3.10
0.80,3.11
0.81,3.12
0.82,3.13
0.83,3.14
0.84,3.15
0.85,3.15
0.86,3.16
0.87,3.17
0.88,3.18
0.89,3.19
0.90,3.19
0.91,3.20
0.92,3.21
0.93,3.22
0.94,3.23
0.95,3.23
0.96,3.24
0.97,3.25
0.98,3.26
0.99,3.26
1.00,3.27
1.01,3.28
1.02,3.29
1.03,3.29
1.04,3.30
1.05,3.31
1.06,3.32
1.07,3.32
1.08,3.33
1.09,3.34
1.10,3.35
1.11,3.35
1.12,3.36
1.13,3.37
1.14,3.37
1.15,3.38
1.16,3.39
1.17,3.40
1.18,3.40
1.19,3.41
1.20,3.42
1.21,3.43
1.22,3.43
1.23,3.44
1.24,3.45
1.25,3.45
1.26,3.46
1.27,3.47
1.28,3.47
1.29,3.48
1.30,3.49
1.31,3.49
1.32,3.50
1.33,3.51
1.34,3.51
1.35,3.52
1.36,3.53
1.37,3.53
1.38,3.54
1.39,3.55
1.40,3.55
1.41,3.56
1.42,3.57
1.43,3.57
1.44,3.58
1.45,3.59
1.46,3.59
1.47,3.60
1.48,3.61
1.49,3.61
1.50,3.62
1.51,3.63
1.52,3.63
1.53,3.64
1.54,3.64
1.55,3.65
1.56,3.66
1.57,3.66
1.58,3.67
1.59,3.68
1.60,3.68
1.61,3.69
1.62,3.69
1.63,3.70
1.64,3.71
1.65,3.71
1.66,3.72
1.67,3.72
1.68,3.73
1.69,3.74
1.70,3.74
1.71,3.75
1.72,3.76
1.73,3.76
1.74,3.76
1.75,3.77
1.76,3.78
1.77,3.78
1.78,3.79
1.79,3.80
1.80,3.80
1.81,3.81
1.82,3.81
1.83,3.82
1.84,3.82
1.85,3.83
1.86,3.83
1.87,3.84
1.88,3.85
1.89,3.85
1.90,3.86
1.91,3.86
1.92,3.87
1.93,3.87
1.94,3.88
1.95,3.88
1.96,3.89
1.97,3.90
1.98,3.90
1.99,3.91
2.00,3.91
2.01,3.92
2.02,3.92
2.03,3.93
2.04,3.93
2.05,3.94
2.06,3.95
2.07,3.95
2.08,3.96
2.09,3.96
2.10,3.97
2.11,3.97
2.12,3.98
2.13,3.98
2.14,3.99
2.15,3.99
2.16,4.00
2.17,4.00
2.18,4.01
2.19,4.01
2.20,4.02
2.21,4.02
2.22,4.03
2.23,4.03
2.24,4.04
2.25,4.04
2.26,4.05
2.27,4.05
2.28,4.06
2.29,4.06
2.30,4.07
2.31,4.07
2.32,4.08
2.33,4.11
2.34,4.12
2.35,4.13
2.36,4.13
2.37,4.14
2.38,4.14
2.39,4.14
2.40,4.15
2.41,4.15
2.42,4.16
2.43,4.16
2.44,4.17
2.45,4.17
2.46,4.18
2.47,4.18
2.48,4.19
2.49,4.19
2.50,4.19
2.51,4.20
2.52,4.20
2.53,4.21
2.54,4.21
2.55,4.22
2.56,4.22
2.57,4.23
2.58,4.23
2.59,4.23
2.60,4.24
2.61,4.24
2.62,4.25
2.63,4.25
2.64,4.26
2.65,4.26
2.66,4.27
2.67,4.27
2.68,4.27
2.69,4.28
2.70,4.28
2.71,4.29
2.72,4.29
2.73,4.30
2.74,4.30
2.75,4.31
2.76,4.31
2.77,4.31
2.78,4.32
2.79,4.32
2.80,4.33
2.81,4.33
2.82,4.34
2.83,4.34
2.84,4.34
2.85,4.35
2.86,4.35
2.87,4.36
2.88,4.36
2.89,4.37
2.90,4.37
2.91,4.37
2.92,4.38
2.93,4.38
2.94,4.39
2.95,4.39
2.96,4.40
2.97,4.40
2.98,4.40
2.99,4.41
3.00,4.41
3.01,4.42
3.02,4.42
3.03,4.43
3.04,4.43
3.05,4.43
3.06,4.44
3.07,4.44
3.08,4.45
3.09,4.45
3.10,4.45
3.11,4.46
3.12,4.46
3.13,4.47
3.14,4.47
3.15,4.47
3.16,4.48
3.17,4.48
3.18,4.49
3.19,4.49
3.20,4.49
3.21,4.50
3.22,4.50
3.23,4.51
3.24,4.51
3.25,4.52
3.26,4.52
3.27,4.52
3.28,4.53
3.29,4.53
3.30,4.54
3.31,4.54
3.32,4.54
3.33,4.55
3.34,4.55
3.35,4.56
3.36,4.56
3.37,4.56
3.38,4.57
3.39,4.57
3.40,4.58
3.41,4.58
3.42,4.58
3.43,4.59
3.44,4.59
3.45,4.60
3.46,4.61
3.47,4.61
3.48,4.62
3.49,4.62
3.50,4.63
3.51,4.63
3.52,4.63
3.53,4.64
3.54,4.64
3.55,4.65
3.56,4.65
3.57,4.65
3.58,4.66
3.59,4.66
3.60,4.66
3.61,4.67
3.62,4.67
3.63,4.68
3.64,4.68
3.65,4.68
3.66,4.69
3.67,4.69
3.68,4.69
3.69,4.70
3.70,4.70
3.71,4.71
3.72,4.71
3.73,4.71
3.74,4.72
3.75,4.72
3.76,4.73
3.77,4.73
3.78,4.73
3.79,4.74
3.80,4.74
3.81,4.74
3.82,4.75
3.83,4.75
3.84,4.76
3.85,4.76
3.86,4.76
3.87,4.77
3.88,4.77
3.89,4.77
3.90,4.78
3.91,4.78
3.92,4.78
3.93,4.79
3.94,4.79
3.95,4.80
3.96,4.80
3.97,4.80
3.98,4.81
3.99,4.81
4.00,4.81
4.01,4.82
4.02,4.82
4.03,4.83
4.04,4.83
4.05,4.83
4.06,4.84
4.07,4.84
4.08,4.84
4.09,4.85
4.10,4.85
4.11,4.85
4.12,4.86
4.13,4.86
4.14,4.87
4.15,4.87
4.16,4.87
4.17,4.88
4.18,4.88
4.19,4.88
4.20,4.89
4.21,4.89
4.22,4.89
4.23,4.90
4.24,4.90
4.25,4.91
4.26,4.91
4.27,4.91
4.28,4.92
4.29,4.92
4.30,4.92
4.31,4.93
4.32,4.93
4.33,4.93
4.34,4.94
4.35,4.94
4.36,4.94
4.37,4.95
4.38,4.95
4.39,4.96
4.40,4.96
4.41,4.97
4.42,4.97
4.43,4.97
4.44,4.98
4.45,4.98
4.46,4.98
4.47,4.99
4.48,4.99
4.49,4.99
4.50,5.00
4.51,5.00
4.52,5.00
4.53,5.01
4.54,5.01
4.55,5.01
4.56,5.02
4.57,5.02
4.58,5.02
4.59,5.03
4.60,5.05
4.61,5.05
4.62,5.05
4.63,5.06
4.64,5.06
4.65,5.06
4.66,5.07
4.67,5.07
4.68,5.07
4.69,5.07
4.70,5.08
4.71,5.08
4.72,5.08
4.73,5.09
4.74,5.09
4.75,5.09
4.76,5.10
4.77,5.10
4.78,5.10
4.79,5.11
4.80,5.11
4.81,5.11
4.82,5.12
4.83,5.12
4.84,5.12
4.85,5.13
4.86,5.13
4.87,5.13
4.88,5.13
4.89,5.14
4.90,5.14
4.91,5.14
4.92,5.15
4.93,5.15
4.94,5.15
4.95,5.16
4.96,5.16
4.97,5.16
4.98,5.17
4.99,5.17
5.00,5.17
5.01,5.18
5.02,5.18
5.03,5.18
5.04,5.18
5.05,5.19
5.06,5.19
5.07,5.19
5.08,5.20
5.09,5.20
5.10,5.21
5.11,5.21
5.12,5.21
5.13,5.22
5.14,5.22
5.15,5.22
5.16,5.23
5.17,5.23
5.18,5.23
5.19,5.24
5.20,5.24
5.21,5.24
5.22,5.25
5.23,5.25
5.24,5.25
5.25,5.26
5.26,5.26
5.27,5.26
5.28,5.27
5.29,5.27
5.30,5.27
5.31,5.28
5.32,5.28
5.33,5.29
5.34,5.29
5.35,5.29
5.36,5.29
5.37,5.30
5.38,5.30
5.39,5.31
5.40,5.31
5.41,5.31
5.42,5.32
5.43,5.32
5.44,5.32
5.45,5.33
5.46,5.33
5.47,5.33
5.48,5.34
5.49,5.34
5.50,5.34
5.51,5.35
5.52,5.35
5.53,5.35
5.54,5.36
5.55,5.36
5.56,5.36
5.57,5.37
5.58,5.37
5.59,5.37
5.60,5.38
5.61,5.38
5.62,5.38
5.63,5.39
5.64,5.39
5.65,5.39
5.66,5.40
5.67,5.40
5.68,5.40
5.69,5.41
5.70,5.42
5.71,5.42
5.72,5.42
5.73,5.43
5.74,5.43
5.75,5.43
5.76,5.44
5.77,5.44
5.78,5.44
5.79,5.45
5.80,5.45
5.81,5.45
5.82,5.46
5.83,5.46
5.84,5.46
5.85,5.47
5.86,5.47
5.87,5.47
5.88,5.48
5.89,5.48
5.90,5.48
5.91,5.50
5.92,5.50
5.93,5.51
5.94,5.51
5.95,5.51
5.96,5.52
5.97,5.52
5.98,5.52
5.99,5.53
6.00,5.53
6.01,5.53
6.02,5.54
6.03,5.54
6.04,5.54
6.05,5.55
6.06,5.55
6.07,5.55
6.08,5.56
6.09,5.56
6.10,5.56
6.11,5.57
6.12,5.57
6.13,5.57
6.14,5.58
6.15,5.58
6.16,5.58
6.17,5.58
6.18,5.59
6.19,5.59
6.20,5.59
6.21,5.60
6.22,5.60
6.23,5.60
6.24,5.61
6.25,5.61
6.26,5.61
6.27,5.61
6.28,5.62
6.29,5.62
6.30,5.62
6.31,5.63
6.32,5.63
6.33,5.63
6.34,5.64
6.35,5.64
6.36,5.64
6.37,5.65
6.38,5.65
6.39,5.65
6.40,5.66
6.41,5.66
6.42,5.66
6.43,5.66
6.44,5.67
6.45,5.67
6.46,5.68
6.47,5.68
6.48,5.68
6.49,5.68
6.50,5.69
6.51,5.69
6.52,5.69
6.53,5.70
6.54,5.70
6.55,5.70
6.56,5.71
6.57,5.71
6.58,5.71
6.59,5.72
6.60,5.72
6.61,5.72
6.62,5.73
6.63,5.73
6.64,5.73
6.65,5.74
6.66,5.74
6.67,5.74
6.68,5.75
6.69,5.75
6.70,5.75
6.71,5.76
6.72,5.76
6.73,5.76
6.74,5.76
6.75,5.77
6.76,5.77
6.77,5.77
6.78,5.78
6.79,5.82
6.80,5.82
6.81,5.83
6.82,5.83
6.83,5.83
6.84,5.83
6.85,5.84
6.86,5.84
6.87,5.84
6.88,5.85
6.89,5.85
6.90,5.85
6.91,5.85
6.92,5.86
6.93,5.86
6.94,5.86
6.95,5.87
6.96,5.87
6.97,5.87
6.98,5.87
6.99,5.88
7.00,5.88
7.01,5.88
7.02,5.89
7.03,5.89
7.04,5.89
7.05,5.89
7.06,5.90
7.07,5.90
7.08,5.90
7.09,5.91
7.10,5.91
7.11,5.91
7.12,5.91
7.13,5.93
7.14,5.93
7.15,5.93
7.16,5.93
7.17,5.94
7.18,5.94
7.19,5.94
7.20,5.94
7.21,5.95
7.22,5.95
7.23,5.95
7.24,5.96
7.25,5.96
7.26,5.96
7.27,5.96
7.28,5.97
7.29,5.97
7.30,5.97
7.31,5.97
7.32,5.98
7.33,5.98
7.34,5.98
7.35,5.99
7.36,5.99
7.37,5.99
7.38,5.99
7.39,6.01
7.40,6.01
7.41,6.02
7.42,6.02
7.43,6.02
7.44,6.02
7.45,6.03
7.46,6.03
7.47,6.03
7.48,6.04
7.49,6.04
7.50,6.04
7.51,6.04
7.52,6.05
7.53,6.05
7.54,6.05
7.55,6.06
7.56,6.06
7.57,6.06
7.58,6.06
7.59,6.07
7.60,6.07
7.61,6.07
7.62,6.07
7.63,6.08
7.64,6.08
7.65,6.08
7.66,6.09
7.67,6.09
7.68,6.09
7.69,6.09
7.70,6.10
7.71,6.10
7.72,6.10
7.73,6.11
7.74,6.11
7.75,6.11
7.76,6.11
7.77,6.12
7.78,6.12
7.79,6.12
7.80,6.12
7.81,6.13
7.82,6.13
7.83,6.13
7.84,6.13
7.85,6.14
7.86,6.14
7.87,6.14
7.88,6.15
7.89,6.15
7.90,6.15
7.91,6.15
7.92,6.16
7.93,6.16
7.94,6.16
7.95,6.17
7.96,6.17
7.97,6.17
7.98,6.17
7.99,6.18
8.00,6.18
8.01,6.18
8.02,6.18
8.03,6.19
8.04,6.19
8.05,6.19
8.06,6.19
8.07,6.20
8.08,6.20
8.09,6.20
8.10,6.21
8.11,6.21
8.12,6.21
8.13,6.22
8.14,6.22
8.15,6.22
8.16,6.22
8.17,6.23
8.18,6.23
8.19,6.23
8.20,6.23
8.21,6.24
8.22,6.24
8.23,6.24
8.24,6.25
8.25,6.25
8.26,6.25
8.27,6.25
8.28,6.26
8.29,6.26
8.30,6.26
8.31,6.26
8.32,6.27
8.33,6.27
8.34,6.27
8.35,6.28
8.36,6.28
8.37,6.28
8.38,6.28
8.39,6.29
8.40,6.29
8.41,6.29
8.42,6.30
8.43,6.30
8.44,6.30
8.45,6.30
8.46,6.31
8.47,6.31
8.48,6.31
8.49,6.31
8.50,6.32
8.51,6.32
8.52,6.32
8.53,6.32
8.54,6.33
8.55,6.33
8.56,6.33
8.57,6.34
8.58,6.34
8.59,6.34
8.60,6.34
8.61,6.35
8.62,6.35
8.63,6.35
8.64,6.35
8.65,6.36
8.66,6.37
8.67,6.37
8.68,6.37
8.69,6.37
8.70,6.38
8.71,6.38
8.72,6.38
8.73,6.38
8.74,6.39
8.75,6.39
8.76,6.39
8.77,6.40
8.78,6.40
8.79,6.40
8.80,6.40
8.81,6.41
8.82,6.41
8.83,6.41
8.84,6.41
8.85,6.42
8.86,6.42
8.87,6.42
8.88,6.42
8.89,6.43
8.90,6.43
8.91,6.43
8.92,6.43
8.93,6.46
8.94,6.46
8.95,6.47
8.96,6.47
8.97,6.47
8.98,6.47
8.99,6.48
9.00,6.49
9.01,6.49
9.02,6.50
9.03,6.50
9.04,6.50
9.05,6.50
9.06,6.51
9.07,6.51
9.08,6.51
9.09,6.51
9.10,6.52
9.11,6.52
9.12,6.52
9.13,6.52
9.14,6.53
9.15,6.53
9.16,6.53
9.17,6.53
9.18,6.54
9.19,6.54
9.20,6.54
9.21,6.54
9.22,6.55
9.23,6.55
9.24,6.55
9.25,6.55
9.26,6.56
9.27,6.56
9.28,6.56
9.29,6.56
9.30,6.56
9.31,6.57
9.32,6.57
9.33,6.57
9.34,6.57
9.35,6.58
9.36,6.58
9.37,6.58
9.38,6.58
9.39,6.59
9.40,6.59
9.41,6.59
9.42,6.59
9.43,6.60
9.44,6.60
9.45,6.60
9.46,6.60
9.47,6.61
9.48,6.61
9.49,6.61
9.50,6.61
9.51,6.62
9.52,6.62
9.53,6.62
9.54,6.62
9.55,6.63
9.56,6.63
9.57,6.63
9.58,6.63
9.59,6.63
9.60,6.64
9.61,6.64
9.62,6.64
9.63,6.64
9.64,6.65
9.65,6.65
9.66,6.65
9.67,6.65
9.68,6.66
9.69,6.66
9.70,6.66
9.71,6.67
9.72,6.67
9.73,6.67
9.74,6.67
9.75,6.68
9.76,6.68
9.77,6.68
9.78,6.68
9.79,6.68
9.80,6.69
9.81,6.69
9.82,6.69
9.83,6.69
9.84,6.70
9.85,6.70
9.86,6.70
9.87,6.70
9.88,6.71
9.89,6.71
9.90,6.71
9.91,6.71
9.92,6.71
9.93,6.72
9.94,6.72
9.95,6.72
9.96,6.72
9.97,6.73
9.98,6.73
9.99,6.73
10.00,6.73
10.01,6.74
10.02,6.74
10.03,6.74
10.04,6.74
10.05,6.75
10.06,6.75
10.07,6.75
10.08,6.75
10.09,6.75
10.10,6.76
10.11,6.76
10.12,6.76
10.13,6.76
10.14,6.77
10.15,6.77
10.16,6.77
10.17,6.77
10.18,6.77
10.19,6.78
10.20,6.78
10.21,6.78
10.22,6.78
10.23,6.79
10.24,6.79
10.25,6.80
10.26,6.80
10.27,6.80
10.28,6.80
10.29,6.81
10.30,6.84
10.31,6.84
10.32,6.85
10.33,6.85
10.34,6.85
10.35,6.85
10.36,6.85
10.37,6.86
10.38,6.86
10.39,6.86
10.40,6.86
10.41,6.86
10.42,6.87
10.43,6.87
10.44,6.87
10.45,6.87
10.46,6.88
10.47,6.88
10.48,6.88
10.49,6.88
10.50,6.88
10.51,6.89
10.52,6.89
10.53,6.89
10.54,6.89
10.55,6.89
10.56,6.90
10.57,6.90
10.58,6.90
10.59,6.90
10.60,6.91
10.61,6.91
10.62,6.91
10.63,6.91
10.64,6.91
10.65,6.92
10.66,6.92
10.67,6.92
10.68,6.92
10.69,6.93
10.70,6.94
10.71,6.94
10.72,6.94
10.73,6.94
10.74,6.94
10.75,6.95
10.76,6.95
10.77,6.95
10.78,6.95
10.79,6.95
10.80,6.96
10.81,6.96
10.82,6.96
10.83,6.96
10.84,6.96
10.85,6.97
10.86,6.97
10.87,6.97
10.88,6.97
10.89,6.97
10.90,6.99
10.91,6.99
10.92,7.00
10.93,7.00
10.94,7.00
10.95,7.00
10.96,7.00
10.97,7.01
10.98,7.01
10.99,7.01
11.00,7.01
11.01,7.01
11.02,7.02
11.03,7.02
11.04,7.02
11.05,7.02
11.06,7.02
11.07,7.03
11.08,7.03
11.09,7.03
11.10,7.03
11.11,7.03
11.12,7.04
11.13,7.04
11.14,7.04
11.15,7.04
11.16,7.04
11.17,7.05
11.18,7.05
11.19,7.05
11.20,7.05
11.21,7.05
11.22,7.06
11.23,7.06
11.24,7.06
11.25,7.06
11.26,7.07
11.27,7.07
11.28,7.07
11.29,7.07
11.30,7.08
11.31,7.08
11.32,7.08
11.33,7.08
11.34,7.09
11.35,7.09
11.36,7.09
11.37,7.09
11.38,7.09
11.39,7.10
11.40,7.10
11.41,7.10
11.42,7.10
11.43,7.11
11.44,7.11
11.45,7.11
11.46,7.11
11.47,7.11
11.48,7.12
11.49,7.12
11.50,7.12
11.51,7.12
11.52,7.12
11.53,7.17
11.54,7.17
11.55,7.17
11.56,7.18
11.57,7.18
11.58,7.18
11.59,7.18
11.60,7.18
11.61,7.19
11.62,7.19
11.63,7.19
11.64,7.19
11.65,7.19
11.66,7.20
11.67,7.20
11.68,7.20
11.69,7.20
11.70,7.20
11.71,7.21
11.72,7.21
11.73,7.21
11.74,7.21
11.75,7.21
11.76,7.22
11.77,7.22
11.78,7.22
11.79,7.22
11.80,7.22
11.81,7.23
11.82,7.23
11.83,7.23
11.84,7.23
11.85,7.24
11.86,7.24
11.87,7.24
11.88,7.24
11.89,7.24
11.90,7.25
11.91,7.25
11.92,7.25
11.93,7.26
11.94,7.26
11.95,7.26
11.96,7.26
11.97,7.26
11.98,7.27
11.99,7.27
12.00,7.27
12.01,7.27
12.02,7.27
12.03,7.28
12.04,7.28
12.05,7.28
12.06,7.28
12.07,7.28
12.08,7.29
12.09,7.29
12.10,7.29
12.11,7.29
12.12,7.29
12.13,7.30
12.14,7.30
12.15,7.30
12.16,7.30
12.17,7.30
12.18,7.31
12.19,7.31
12.20,7.31
12.21,7.31
12.22,7.31
12.23,7.32
12.24,7.32
12.25,7.32
12.26,7.32
12.27,7.33
12.28,7.33
12.29,7.33
12.30,7.33
12.31,7.33
12.32,7.34
12.33,7.34
12.34,7.34
12.35,7.34
12.36,7.34
12.37,7.34
12.38,7.35
12.39,7.35
12.40,7.35
12.41,7.35
12.42,7.36
12.43,7.36
12.44,7.37
12.45,7.37
12.46,7.37
12.47,7.37
12.48,7.37
12.49,7.38
12.50,7.38
12.51,7.38
12.52,7.38
12.53,7.38
12.54,7.39
12.55,7.39
12.56,7.39
12.57,7.39
12.58,7.39
12.59,7.40
12.60,7.40
12.61,7.40
12.62,7.40
12.63,7.40
12.64,7.41
12.65,7.41
12.66,7.41
12.67,7.41
12.68,7.41
12.69,7.42
12.70,7.42
12.71,7.42
12.72,7.42
12.73,7.42
12.74,7.43
12.75,7.43
12.76,7.43
12.77,7.43
12.78,7.43
12.79,7.43
12.80,7.45
12.81,7.45
12.82,7.45
12.83,7.45
12.84,7.46
12.85,7.46
12.86,7.46
12.87,7.46
12.88,7.46
12.89,7.47
12.90,7.49
12.91,7.49
12.92,7.49
12.93,7.49
12.94,7.49
12.95,7.50
12.96,7.50
12.97,7.50
12.98,7.50
12.99,7.50
13.00,7.51
13.01,7.51
13.02,7.51
13.03,7.51
13.04,7.51
13.05,7.51
13.06,7.52
13.07,7.52
13.08,7.52
13.09,7.52
13.10,7.52
13.11,7.53
13.12,7.53
13.13,7.53
13.14,7.53
13.15,7.53
13.16,7.53
13.17,7.54
13.18,7.54
13.19,7.54
13.20,7.54
13.21,7.54
13.22,7.55
13.23,7.55
13.24,7.55
13.25,7.55
13.26,7.55
13.27,7.56
13.28,7.56
13.29,7.56
13.30,7.56
13.31,7.56
13.32,7.56
13.33,7.57
13.34,7.57
13.35,7.57
13.36,7.57
13.37,7.57
13.38,7.58
13.39,7.58
13.40,7.58
13.41,7.58
13.42,7.58
13.43,7.59
13.44,7.59
13.45,7.59
13.46,7.59
13.47,7.59
13.48,7.60
13.49,7.60
13.50,7.60
13.51,7.60
13.52,7.60
13.53,7.61
13.54,7.61
13.55,7.61
13.56,7.65
13.57,7.65
13.58,7.66
13.59,7.66
13.60,7.66
13.61,7.66
13.62,7.67
13.63,7.67
13.64,7.67
13.65,7.67
13.66,7.67
13.67,7.68
13.68,7.68
13.69,7.68
13.70,7.68
13.71,7.68
13.72,7.69
13.73,7.69
13.74,7.69
13.75,7.69
13.76,7.69
13.77,7.70
13.78,7.70
13.79,7.70
13.80,7.70
13.81,7.70
13.82,7.71
13.83,7.71
13.84,7.71
13.85,7.71
13.86,7.71
13.87,7.72
13.88,7.72
13.89,7.72
13.90,7.72
13.91,7.72
13.92,7.73
13.93,7.73
13.94,7.73
13.95,7.73
13.96,7.74
13.97,7.74
13.98,7.74
13.99,7.74
14.00,7.74
14.01,7.75
14.02,7.75
14.03,7.75
14.04,7.75
14.05,7.75
14.06,7.76
14.07,7.76
14.08,7.76
14.09,7.76
14.10,7.76
14.11,7.77
14.12,7.77
14.13,7.77
14.14,7.77
14.15,7.77
14.16,7.77
14.17,7.78
14.18,7.78
14.19,7.79
14.20,7.79
14.21,7.79
14.22,7.79
14.23,7.79
14.24,7.80
14.25,7.80
14.26,7.80
14.27,7.80
14.28,7.80
14.29,7.81
14.30,7.81
14.31,7.81
14.32,7.81
14.33,7.81
14.34,7.82
14.35,7.82
14.36,7.82
14.37,7.82
14.38,7.82
14.39,7.83
14.40,7.83
14.41,7.83
14.42,7.83
14.43,7.83
14.44,7.84
14.45,7.84
14.46,7.84
14.47,7.84
14.48,7.84
14.49,7.85
14.50,7.85
14.51,7.85
14.52,7.85
14.53,7.85
14.54,7.86
14.55,7.86
14.56,7.86
14.57,7.86
14.58,7.86
14.59,7.87
14.60,7.87
14.61,7.87
14.62,7.87
14.63,7.88
14.64,7.88
14.65,7.88
14.66,7.89
14.67,7.89
14.68,7.89
14.69,7.90
14.70,7.90
14.71,7.90
14.72,7.90
14.73,7.90
14.74,7.91
14.75,7.91
14.76,7.91
14.77,7.91
14.78,7.91
14.79,7.92
14.80,7.92
14.81,7.92
14.82,7.92
14.83,7.92
14.84,7.93
14.85,7.93
14.86,7.93
14.87,7.93
14.88,7.93
14.89,7.94
14.90,7.94
14.91,7.94
14.92,7.94
14.93,7.94
14.94,7.95
14.95,7.95
14.96,7.95
14.97,7.95
14.98,7.95
14.99,7.96
15.00,7.96
15.01,7.96
15.02,7.97
15.03,7.98
15.04,7.98
15.05,7.98
15.06,7.98
15.07,7.98
15.08,8.00
15.09,8.00
15.10,8.01
15.11,8.01
15.12,8.01
15.13,8.01
15.14,8.01
15.15,8.02
15.16,8.02
15.17,8.02
15.18,8.02
15.19,8.02
15.20,8.03
15.21,8.03
15.22,8.03
15.23,8.03
15.24,8.03
15.25,8.04
15.26,8.04
15.27,8.04
15.28,8.04
15.29,8.04
15.30,8.05
15.31,8.05
15.32,8.05
15.33,8.05
15.34,8.05
15.35,8.06
15.36,8.06
15.37,8.06
15.38,8.06
15.39,8.06
15.40,8.07
15.41,8.07
15.42,8.07
15.43,8.07
15.44,8.07
15.45,8.07
15.46,8.08
15.47,8.08
15.48,8.08
15.49,8.08
15.50,8.08
15.51,8.09
15.52,8.09
15.53,8.09
15.54,8.09
15.55,8.09
15.56,8.10
15.57,8.10
15.58,8.10
15.59,8.10
15.60,8.10
15.61,8.11
15.62,8.11
15.63,8.11
15.64,8.11
15.65,8.11
15.66,8.12
15.67,8.12
15.68,8.12
15.69,8.12
15.70,8.12
15.71,8.13
15.72,8.13
15.73,8.13
15.74,8.13
15.75,8.13
15.76,8.13
15.77,8.14
15.78,8.14
15.79,8.14
15.80,8.14
15.81,8.14
15.82,8.15
15.83,8.15
15.84,8.15
15.85,8.15
15.86,8.15
15.87,8.16
15.88,8.16
15.89,8.16
15.90,8.16
15.91,8.16
15.92,8.17
15.93,8.17
15.94,8.17
15.95,8.17
15.96,8.18
15.97,8.18
15.98,8.18
15.99,8.18
16.00,8.18
16.01,8.19
16.02,8.19
16.03,8.19
16.04,8.19
16.05,8.19
16.06,8.20
16.07,8.20
16.08,8.20
16.09,8.20
16.10,8.20
16.11,8.21
16.12,8.21
16.13,8.21
16.14,8.21
16.15,8.21
16.16,8.21
16.17,8.22
16.18,8.22
16.19,8.22
16.20,8.22
16.21,8.22
16.22,8.23
16.23,8.23
16.24,8.23
16.25,8.23
16.26,8.23
16.27,8.24
16.28,8.24
16.29,8.24
16.30,8.24
16.31,8.24
16.32,8.25
16.33,8.25
16.34,8.25
16.35,8.25
16.36,8.25
16.37,8.26
16.38,8.26
16.39,8.26
16.40,8.26
16.41,8.26
16.42,8.27
16.43,8.27
16.44,8.27
16.45,8.27
16.46,8.27
16.47,8.28
16.48,8.28
16.49,8.28
16.50,8.28
16.51,8.29
16.52,8.29
16.53,8.29
16.54,8.30
16.55,8.30
16.56,8.30
16.57,8.30
16.58,8.30
16.59,8.30
16.60,8.31
16.61,8.31
16.62,8.31
16.63,8.31
16.64,8.31
16.65,8.32
16.66,8.32
16.67,8.35
16.68,8.35
16.69,8.35
16.70,8.36
16.71,8.36
16.72,8.36
16.73,8.36
16.74,8.36
16.75,8.36
16.76,8.37
16.77,8.37
16.78,8.37
16.79,8.37
16.80,8.37
16.81,8.38
16.82,8.38
16.83,8.38
16.84,8.38
16.85,8.38
16.86,8.38
16.87,8.39
16.88,8.39
16.89,8.39
16.90,8.39
16.91,8.39
16.92,8.40
16.93,8.40
16.94,8.40
16.95,8.40
16.96,8.40
16.97,8.40
16.98,8.41
16.99,8.41
17.00,8.41
17.01,8.42
17.02,8.42
17.03,8.43
17.04,8.43
17.05,8.43
17.06,8.43
17.07,8.43
17.08,8.43
17.09,8.44
17.10,8.44
17.11,8.44
17.12,8.44
17.13,8.44
17.14,8.45
17.15,8.45
17.16,8.45
17.17,8.45
17.18,8.45
17.19,8.45
17.20,8.46
17.21,8.46
17.22,8.46
17.23,8.46
17.24,8.46
17.25,8.46
17.26,8.47
17.27,8.47
17.28,8.47
17.29,8.47
17.30,8.47
17.31,8.48
17.32,8.48
17.33,8.48
17.34,8.48
17.35,8.48
17.36,8.49
17.37,8.49
17.38,8.49
17.39,8.50
17.40,8.50
17.41,8.51
17.42,8.51
17.43,8.51
17.44,8.51
17.45,8.51
17.46,8.51
17.47,8.52
17.48,8.52
17.49,8.54
17.50,8.54
17.51,8.54
17.52,8.54
17.53,8.54
17.54,8.55
17.55,8.55
17.56,8.55
17.57,8.55
17.58,8.55
17.59,8.55
17.60,8.56
17.61,8.56
17.62,8.56
17.63,8.56
17.64,8.56
17.65,8.56
17.66,8.57
17.67,8.57
17.68,8.57
17.69,8.57
17.70,8.57
17.71,8.58
17.72,8.58
17.73,8.58
17.74,8.58
17.75,8.58
17.76,8.59
17.77,8.59
17.78,8.59
17.79,8.59
17.80,8.59
17.81,8.59
17.82,8.60
17.83,8.60
17.84,8.60
17.85,8.60
17.86,8.60
17.87,8.60
17.88,8.61
17.89,8.61
17.90,8.61
17.91,8.61
17.92,8.61
17.93,8.62
17.94,8.62
17.95,8.62
17.96,8.62
17.97,8.62
17.98,8.62
17.99,8.63
18.00,8.63
18.01,8.63
18.02,8.63
18.03,8.63
18.04,8.63
18.05,8.64
18.06,8.64
18.07,8.64
18.08,8.64
18.09,8.64
18.10,8.65
18.11,8.65
18.12,8.65
18.13,8.65
18.14,8.65
18.15,8.65
18.16,8.66
18.17,8.66
18.18,8.66
18.19,8.66
18.20,8.66
18.21,8.66
18.22,8.67
18.23,8.67
18.24,8.67
18.25,8.67
18.26,8.67
18.27,8.68
18.28,8.68
18.29,8.68
18.30,8.68
18.31,8.68
18.32,8.68
18.33,8.69
18.34,8.69
18.35,8.69
18.36,8.69
18.37,8.70
18.38,8.70
18.39,8.70
18.40,8.70
18.41,8.70
18.42,8.71
18.43,8.71
18.44,8.71
18.45,8.71
18.46,8.71
18.47,8.71
18.48,8.72
18.49,8.72
18.50,8.72
18.51,8.72
18.52,8.72
18.53,8.72
18.54,8.73
18.55,8.73
18.56,8.73
18.57,8.73
18.58,8.73
18.59,8.73
18.60,8.74
18.61,8.74
18.62,8.74
18.63,8.74
18.64,8.74
18.65,8.74
18.66,8.75
18.67,8.75
18.68,8.75
18.69,8.75
18.70,8.75
18.71,8.75
18.72,8.76
18.73,8.76
18.74,8.76
18.75,8.76
18.76,8.76
18.77,8.76
18.78,8.77
18.79,8.77
18.80,8.77
18.81,8.77
18.82,8.77
18.83,8.78
18.84,8.78
18.85,8.78
18.86,8.78
18.87,8.78
18.88,8.78
18.89,8.79
18.90,8.79
18.91,8.79
18.92,8.79
18.93,8.79
18.94,8.80
18.95,8.80
18.96,8.80
18.97,8.81
18.98,8.81
18.99,8.81
19.00,8.81
19.01,8.81
19.02,8.81
19.03,8.82
19.04,8.82
19.05,8.82
19.06,8.82
19.07,8.82
19.08,8.82
19.09,8.83
19.10,8.83
19.11,8.83
19.12,8.83
19.13,8.83
19.14,8.83
19.15,8.84
19.16,8.84
19.17,8.84
19.18,8.84
19.19,8.84
19.20,8.84
19.21,8.85
19.22,8.85
19.23,8.85
19.24,8.85
19.25,8.85
19.26,8.85
19.27,8.86
19.28,8.86
19.29,8.86
19.30,8.86
19.31,8.86
19.32,8.86
19.33,8.87
19.34,8.87
19.35,8.87
19.36,8.87
19.37,8.87
19.38,8.87
19.39,8.88
19.40,8.88
19.41,8.88
19.42,8.88
19.43,8.88
19.44,8.88
19.45,8.89
19.46,8.89
19.47,8.90
19.48,8.90
19.49,8.90
19.50,8.90
19.51,8.91
19.52,8.91
19.53,8.91
19.54,8.91
19.55,8.91
19.56,8.91
19.57,8.91
19.58,8.92
19.59,8.92
19.60,8.92
19.61,8.92
19.62,8.92
19.63,8.92
19.64,8.93
19.65,8.93
19.66,8.93
19.67,8.93
19.68,8.93
19.69,8.93
19.70,8.94
19.71,8.94
19.72,8.94
19.73,8.94
19.74,8.97
19.75,8.97
19.76,8.97
19.77,8.97
19.78,8.97
19.79,8.97
19.80,8.98
19.81,8.98
19.82,8.98
19.83,8.98
19.84,8.98
19.85,8.98
19.86,8.99
19.87,9.00
19.88,9.00
19.89,9.00
19.90,9.00
19.91,9.00
19.92,9.01
19.93,9.01
19.94,9.01
19.95,9.01
19.96,9.01
19.97,9.01
19.98,9.02
19.99,9.02
20.00,9.02
20.25,9.08
21,9.20
21.49,9.29
22,9.41
22.10,9.42
22.72,9.53
23,9.60
23.77,9.72
24,9.76
25,9.92
26,10.12
27,10.26
27.36,10.31
28,10.41
28.48,10.48
29,10.60
29.90,10.72
30,10.73
30.03,10.74
31,10.87
32,11.04
33,11.18
34,11.32
34.09,11.33
35.46,11.55
37.06,11.77
39.67,12.15
41.29,12.34
47.64,13.20
60.00,14.65
70.00,15.74
80.00,16.73
90.00,17.67
100.00,18.56
100.01,18.56
100.02,18.56
100.03,18.56
110.00,19.43
110.50,19.47
111.00,19.50
111.50,19.54
112.00,19.57
112.50,19.61
113.00,19.65
113.50,19.68
114.00,19.72
114.50,19.76
115.00,19.80
115.50,19.86
116.00,19.93
116.50,19.96
117.00,19.99
117.50,20.03
118.00,20.06
118.50,20.09
119.00,20.13
119.50,20.17
120.00,20.20
120.50,20.24
121.00,20.29
121.50,20.33
122.00,20.38
122.50,20.44
123.00,20.48
123.50,20.51
124.00,20.54
124.50,20.58
125.00,20.61
125.50,20.64
126.00,20.68
126.50,20.72
127.00,20.75
127.50,20.79
128.00,20.82
128.50,20.87
129.00,20.92
129.50,20.98
130.00,21.01
130.50,21.04
131.00,21.08
131.50,21.11
132.00,21.14
132.50,21.18
133.00,21.21
133.50,21.24
134.00,21.28
134.50,21.31
135.00,21.35
135.50,21.40
136.00,21.45
136.50,21.50
137.00,21.53
140.00,21.72
150.00,22.45
160.00,23.15
170.00,23.81
180.00,24.47
190.00,25.15
200.00,25.75
210.00,26.35
220.00,26.93
230.00,27.50
240.00,28.06
250.00,28.62
