# Fang & Murase, cosmic-ray reservoirs (cosmogenic + source), Nature Phys. 14, 396 (2018)
# Energy [GeV], E**2 Flux [GeV cm^-2] (nue anue numu anumu nutau anutau)
1.01625e+03, 0.00000e+00, 0.00000e+00, 0.00000e+00, 0.00000e+00, 0.00000e+00, 0.00000e+00
1.04954e+03, 0.00000e+00, 0.00000e+00, 0.00000e+00, 0.00000e+00, 0.00000e+00, 0.00000e+00
1.08393e+03, 0.00000e+00, 0.00000e+00, 0.00000e+00, 0.00000e+00, 0.00000e+00, 0.00000e+00
1.11944e+03, 0.00000e+00, 0.00000e+00, 0.00000e+00, 0.00000e+00, 0.00000e+00, 0.00000e+00
1.15611e+03, 8.01272e-12, 8.01272e-12, 9.65291e-12, 9.65291e-12, 9.19581e-12, 9.19581e-12
1.19399e+03, 1.88081e-11, 1.88081e-11, 2.26580e-11, 2.26580e-11, 2.15851e-11, 2.15851e-11
1.23310e+03, 2.95827e-11, 2.95827e-11, 3.56382e-11, 3.56382e-11, 3.39506e-11, 3.39506e-11
1.27350e+03, 3.75311e-11, 3.75311e-11, 4.52136e-11, 4.52136e-11, 4.30726e-11, 4.30726e-11
1.31522e+03, 3.92868e-11, 3.92868e-11, 4.73287e-11, 4.73287e-11, 4.50875e-11, 4.50875e-11
1.35831e+03, 3.08440e-11, 3.08440e-11, 3.71577e-11, 3.71577e-11, 3.53982e-11, 3.53982e-11
1.40281e+03, 7.47013e-12, 7.47013e-12, 8.99925e-12, 8.99925e-12, 8.57310e-12, 8.57310e-12
1.44877e+03, 0.00000e+00, 0.00000e+00, 0.00000e+00, 0.00000e+00, 0.00000e+00, 0.00000e+00
1.49624e+03, 0.00000e+00, 0.00000e+00, 0.00000e+00, 0.00000e+00, 0.00000e+00, 0.00000e+00
1.54525e+03, 0.00000e+00, 0.00000e+00, 0.00000e+00, 0.00000e+00, 0.00000e+00, 0.00000e+00
1.59588e+03, 0.00000e+00, 0.00000e+00, 0.00000e+00, 0.00000e+00, 0.00000e+00, 0.00000e+00
1.64816e+03, 0.00000e+00, 0.00000e+00, 0.00000e+00, 0.00000e+00, 0.00000e+00, 0.00000e+00
1.70216e+03, 0.00000e+00, 0.00000e+00, 0.00000e+00, 0.00000e+00, 0.00000e+00, 0.00000e+00
1.75792e+03, 0.00000e+00, 0.00000e+00, 0.00000e+00, 0.00000e+00, 0.00000e+00, 0.00000e+00
1.81552e+03, 1.49993e-10, 1.49993e-10, 1.80697e-10, 1.80697e-10, 1.72140e-10, 1.72140e-10
1.87499e+03, 4.68200e-10, 4.68200e-10, 5.64039e-10, 5.64039e-10, 5.37330e-10, 5.37330e-10
1.93642e+03, 8.72721e-10, 8.72721e-10, 1.05137e-09, 1.05137e-09, 1.00158e-09, 1.00158e-09
1.99986e+03, 1.33960e-09, 1.33960e-09, 1.61382e-09, 1.61382e-09, 1.53740e-09, 1.53740e-09
2.06538e+03, 1.83909e-09, 1.83909e-09, 2.21555e-09, 2.21555e-09, 2.11063e-09, 2.11063e-09
2.13304e+03, 2.33477e-09, 2.33477e-09, 2.81270e-09, 2.81270e-09, 2.67950e-09, 2.67950e-09
2.20293e+03, 2.78263e-09, 2.78263e-09, 3.35223e-09, 3.35223e-09, 3.19349e-09, 3.19349e-09
2.27510e+03, 3.13147e-09, 3.13147e-09, 3.77248e-09, 3.77248e-09, 3.59383e-09, 3.59383e-09
2.34963e+03, 3.35703e-09, 3.35703e-09, 4.04421e-09, 4.04421e-09, 3.85270e-09, 3.85270e-09
2.42661e+03, 3.46983e-09, 3.46983e-09, 4.18010e-09, 4.18010e-09, 3.98215e-09, 3.98215e-09
2.50611e+03, 3.48582e-09, 3.48582e-09, 4.19936e-09, 4.19936e-09, 4.00051e-09, 4.00051e-09
2.58821e+03, 3.42562e-09, 3.42562e-09, 4.12683e-09, 4.12683e-09, 3.93141e-09, 3.93141e-09
2.67301e+03, 3.31517e-09, 3.31517e-09, 3.99378e-09, 3.99378e-09, 3.80465e-09, 3.80465e-09
2.76058e+03, 3.18658e-09, 3.18658e-09, 3.83887e-09, 3.83887e-09, 3.65708e-09, 3.65708e-09
2.85102e+03, 3.07862e-09, 3.07862e-09, 3.70881e-09, 3.70881e-09, 3.53318e-09, 3.53318e-09
2.94442e+03, 3.01677e-09, 3.01677e-09, 3.63430e-09, 3.63430e-09, 3.46220e-09, 3.46220e-09
3.04089e+03, 2.99889e-09, 2.99889e-09, 3.61276e-09, 3.61276e-09, 3.44168e-09, 3.44168e-09
3.14051e+03, 3.01914e-09, 3.01914e-09, 3.63715e-09, 3.63715e-09, 3.46492e-09, 3.46492e-09
3.24340e+03, 3.06994e-09, 3.06994e-09, 3.69836e-09, 3.69836e-09, 3.52322e-09, 3.52322e-09
3.34965e+03, 3.14174e-09, 3.14174e-09, 3.78485e-09, 3.78485e-09, 3.60562e-09, 3.60562e-09
3.45939e+03, 3.22267e-09, 3.22267e-09, 3.88235e-09, 3.88235e-09, 3.69850e-09, 3.69850e-09
3.57273e+03, 3.29829e-09, 3.29829e-09, 3.97344e-09, 3.97344e-09, 3.78528e-09, 3.78528e-09
3.68978e+03, 3.35712e-09, 3.35712e-09, 4.04432e-09, 4.04432e-09, 3.85280e-09, 3.85280e-09
3.81066e+03, 3.39895e-09, 3.39895e-09, 4.09471e-09, 4.09471e-09, 3.90081e-09, 3.90081e-09
3.93550e+03, 3.42556e-09, 3.42556e-09, 4.12677e-09, 4.12677e-09, 3.93135e-09, 3.93135e-09
4.06443e+03, 3.43932e-09, 3.43932e-09, 4.14334e-09, 4.14334e-09, 3.94714e-09, 3.94714e-09
4.19759e+03, 3.44327e-09, 3.44327e-09, 4.14810e-09, 4.14810e-09, 3.95167e-09, 3.95167e-09
4.33511e+03, 3.44121e-09, 3.44121e-09, 4.14562e-09, 4.14562e-09, 3.94931e-09, 3.94931e-09
4.47713e+03, 3.43784e-09, 3.43784e-09, 4.14156e-09, 4.14156e-09, 3.94544e-09, 3.94544e-09
4.62381e+03, 3.43755e-09, 3.43755e-09, 4.14121e-09, 4.14121e-09, 3.94511e-09, 3.94511e-09
4.77529e+03, 3.44105e-09, 3.44105e-09, 4.14543e-09, 4.14543e-09, 3.94912e-09, 3.94912e-09
4.93174e+03, 3.44822e-09, 3.44822e-09, 4.15406e-09, 4.15406e-09, 3.95735e-09, 3.95735e-09
5.09331e+03, 3.45886e-09, 3.45886e-09, 4.16688e-09, 4.16688e-09, 3.96956e-09, 3.96956e-09
5.26017e+03, 3.47267e-09, 3.47267e-09, 4.18352e-09, 4.18352e-09, 3.98541e-09, 3.98541e-09
5.43250e+03, 3.48928e-09, 3.48928e-09, 4.20353e-09, 4.20353e-09, 4.00447e-09, 4.00447e-09
5.61048e+03, 3.50818e-09, 3.50818e-09, 4.22630e-09, 4.22630e-09, 4.02617e-09, 4.02617e-09
5.79429e+03, 3.52882e-09, 3.52882e-09, 4.25117e-09, 4.25117e-09, 4.04986e-09, 4.04986e-09
5.98412e+03, 3.55086e-09, 3.55086e-09, 4.27772e-09, 4.27772e-09, 4.07515e-09, 4.07515e-09
6.18016e+03, 3.57401e-09, 3.57401e-09, 4.30560e-09, 4.30560e-09, 4.10172e-09, 4.10172e-09
6.38263e+03, 3.59789e-09, 3.59789e-09, 4.33437e-09, 4.33437e-09, 4.12912e-09, 4.12912e-09
6.59174e+03, 3.62205e-09, 3.62205e-09, 4.36347e-09, 4.36347e-09, 4.15685e-09, 4.15685e-09
6.80769e+03, 3.64594e-09, 3.64594e-09, 4.39225e-09, 4.39225e-09, 4.18426e-09, 4.18426e-09
7.03072e+03, 3.66890e-09, 3.66890e-09, 4.41991e-09, 4.41991e-09, 4.21061e-09, 4.21061e-09
7.26106e+03, 3.69023e-09, 3.69023e-09, 4.44561e-09, 4.44561e-09, 4.23509e-09, 4.23509e-09
7.49894e+03, 3.70973e-09, 3.70973e-09, 4.46910e-09, 4.46910e-09, 4.25747e-09, 4.25747e-09
7.74462e+03, 3.72748e-09, 3.72748e-09, 4.49048e-09, 4.49048e-09, 4.27784e-09, 4.27784e-09
7.99834e+03, 3.74361e-09, 3.74361e-09, 4.50992e-09, 4.50992e-09, 4.29636e-09, 4.29636e-09
8.26038e+03, 3.75832e-09, 3.75832e-09, 4.52764e-09, 4.52764e-09, 4.31324e-09, 4.31324e-09
8.53100e+03, 3.77185e-09, 3.77185e-09, 4.54394e-09, 4.54394e-09, 4.32877e-09, 4.32877e-09
8.81049e+03, 3.78452e-09, 3.78452e-09, 4.55920e-09, 4.55920e-09, 4.34331e-09, 4.34331e-09
9.09913e+03, 3.79670e-09, 3.79670e-09, 4.57388e-09, 4.57388e-09, 4.35729e-09, 4.35729e-09
9.39723e+03, 3.80859e-09, 3.80859e-09, 4.58820e-09, 4.58820e-09, 4.37094e-09, 4.37094e-09
9.70510e+03, 3.82024e-09, 3.82024e-09, 4.60223e-09, 4.60223e-09, 4.38430e-09, 4.38430e-09
1.00231e+04, 3.83169e-09, 3.83169e-09, 4.61603e-09, 4.61603e-09, 4.39744e-09, 4.39744e-09
1.03514e+04, 3.84302e-09, 3.84302e-09, 4.62968e-09, 4.62968e-09, 4.41045e-09, 4.41045e-09
1.06905e+04, 3.85432e-09, 3.85432e-09, 4.64330e-09, 4.64330e-09, 4.42342e-09, 4.42342e-09
1.10408e+04, 3.86570e-09, 3.86570e-09, 4.65701e-09, 4.65701e-09, 4.43648e-09, 4.43648e-09
1.14025e+04, 3.87729e-09, 3.87729e-09, 4.67097e-09, 4.67097e-09, 4.44978e-09, 4.44978e-09
1.17761e+04, 3.88900e-09, 3.88900e-09, 4.68507e-09, 4.68507e-09, 4.46322e-09, 4.46322e-09
1.21619e+04, 3.90046e-09, 3.90046e-09, 4.69888e-09, 4.69888e-09, 4.47637e-09, 4.47637e-09
1.25603e+04, 3.91123e-09, 3.91123e-09, 4.71185e-09, 4.71185e-09, 4.48873e-09, 4.48873e-09
1.29718e+04, 3.92078e-09, 3.92078e-09, 4.72335e-09, 4.72335e-09, 4.49968e-09, 4.49968e-09
1.33968e+04, 3.92846e-09, 3.92846e-09, 4.73261e-09, 4.73261e-09, 4.50851e-09, 4.50851e-09
1.38357e+04, 3.93356e-09, 3.93356e-09, 4.73875e-09, 4.73875e-09, 4.51436e-09, 4.51436e-09
1.42889e+04, 3.93522e-09, 3.93522e-09, 4.74075e-09, 4.74075e-09, 4.51626e-09, 4.51626e-09
1.47571e+04, 3.93310e-09, 3.93310e-09, 4.73819e-09, 4.73819e-09, 4.51382e-09, 4.51382e-09
1.52405e+04, 3.92782e-09, 3.92782e-09, 4.73183e-09, 4.73183e-09, 4.50776e-09, 4.50776e-09
1.57398e+04, 3.92025e-09, 3.92025e-09, 4.72272e-09, 4.72272e-09, 4.49908e-09, 4.49908e-09
1.62555e+04, 3.91150e-09, 3.91150e-09, 4.71217e-09, 4.71217e-09, 4.48903e-09, 4.48903e-09
1.67880e+04, 3.90288e-09, 3.90288e-09, 4.70179e-09, 4.70179e-09, 4.47914e-09, 4.47914e-09
1.73380e+04, 3.89602e-09, 3.89602e-09, 4.69352e-09, 4.69352e-09, 4.47127e-09, 4.47127e-09
1.79061e+04, 3.89284e-09, 3.89284e-09, 4.68969e-09, 4.68969e-09, 4.46762e-09, 4.46762e-09
1.84927e+04, 3.89462e-09, 3.89462e-09, 4.69185e-09, 4.69185e-09, 4.46967e-09, 4.46967e-09
1.90985e+04, 3.90059e-09, 3.90059e-09, 4.69904e-09, 4.69904e-09, 4.47652e-09, 4.47652e-09
1.97242e+04, 3.90943e-09, 3.90943e-09, 4.70968e-09, 4.70968e-09, 4.48666e-09, 4.48666e-09
2.03704e+04, 3.91951e-09, 3.91951e-09, 4.72182e-09, 4.72182e-09, 4.49822e-09, 4.49822e-09
2.10378e+04, 3.92883e-09, 3.92883e-09, 4.73305e-09, 4.73305e-09, 4.50893e-09, 4.50893e-09
2.17270e+04, 3.93500e-09, 3.93500e-09, 4.74049e-09, 4.74049e-09, 4.51601e-09, 4.51601e-09
2.24388e+04, 3.93514e-09, 3.93514e-09, 4.74066e-09, 4.74066e-09, 4.51617e-09, 4.51617e-09
2.31739e+04, 3.92683e-09, 3.92683e-09, 4.73065e-09, 4.73065e-09, 4.50663e-09, 4.50663e-09
2.39332e+04, 3.91055e-09, 3.91055e-09, 4.71103e-09, 4.71103e-09, 4.48795e-09, 4.48795e-09
2.47172e+04, 3.88770e-09, 3.88770e-09, 4.68351e-09, 4.68351e-09, 4.46173e-09, 4.46173e-09
2.55270e+04, 3.86006e-09, 3.86006e-09, 4.65021e-09, 4.65021e-09, 4.43000e-09, 4.43000e-09
2.63633e+04, 3.82983e-09, 3.82983e-09, 4.61378e-09, 4.61378e-09, 4.39530e-09, 4.39530e-09
2.72270e+04, 3.79971e-09, 3.79971e-09, 4.57750e-09, 4.57750e-09, 4.36074e-09, 4.36074e-09
2.81190e+04, 3.77297e-09, 3.77297e-09, 4.54530e-09, 4.54530e-09, 4.33006e-09, 4.33006e-09
2.90402e+04, 3.75287e-09, 3.75287e-09, 4.52107e-09, 4.52107e-09, 4.30698e-09, 4.30698e-09
2.99916e+04, 3.73964e-09, 3.73964e-09, 4.50514e-09, 4.50514e-09, 4.29180e-09, 4.29180e-09
3.09742e+04, 3.73237e-09, 3.73237e-09, 4.49638e-09, 4.49638e-09, 4.28346e-09, 4.28346e-09
3.19890e+04, 3.72985e-09, 3.72985e-09, 4.49335e-09, 4.49335e-09, 4.28057e-09, 4.28057e-09
3.30370e+04, 3.73056e-09, 3.73056e-09, 4.49419e-09, 4.49419e-09, 4.28138e-09, 4.28138e-09
3.41193e+04, 3.73259e-09, 3.73259e-09, 4.49664e-09, 4.49664e-09, 4.28371e-09, 4.28371e-09
3.52371e+04, 3.73364e-09, 3.73364e-09, 4.49791e-09, 4.49791e-09, 4.28491e-09, 4.28491e-09
3.63915e+04, 3.73120e-09, 3.73120e-09, 4.49496e-09, 4.49496e-09, 4.28211e-09, 4.28211e-09
3.75837e+04, 3.72454e-09, 3.72454e-09, 4.48694e-09, 4.48694e-09, 4.27447e-09, 4.27447e-09
3.88150e+04, 3.71395e-09, 3.71395e-09, 4.47419e-09, 4.47419e-09, 4.26232e-09, 4.26232e-09
4.00867e+04, 3.69985e-09, 3.69985e-09, 4.45720e-09, 4.45720e-09, 4.24613e-09, 4.24613e-09
4.14000e+04, 3.68276e-09, 3.68276e-09, 4.43661e-09, 4.43661e-09, 4.22652e-09, 4.22652e-09
4.27563e+04, 3.66338e-09, 3.66338e-09, 4.41326e-09, 4.41326e-09, 4.20428e-09, 4.20428e-09
4.41570e+04, 3.64255e-09, 3.64255e-09, 4.38818e-09, 4.38818e-09, 4.18038e-09, 4.18038e-09
4.56037e+04, 3.62128e-09, 3.62128e-09, 4.36255e-09, 4.36255e-09, 4.15596e-09, 4.15596e-09
4.70977e+04, 3.59997e-09, 3.59997e-09, 4.33687e-09, 4.33687e-09, 4.13150e-09, 4.13150e-09
4.86407e+04, 3.57854e-09, 3.57854e-09, 4.31105e-09, 4.31105e-09, 4.10691e-09, 4.10691e-09
5.02343e+04, 3.55687e-09, 3.55687e-09, 4.28496e-09, 4.28496e-09, 4.08205e-09, 4.08205e-09
5.18800e+04, 3.53484e-09, 3.53484e-09, 4.25842e-09, 4.25842e-09, 4.05677e-09, 4.05677e-09
5.35797e+04, 3.51228e-09, 3.51228e-09, 4.23123e-09, 4.23123e-09, 4.03087e-09, 4.03087e-09
5.53350e+04, 3.48898e-09, 3.48898e-09, 4.20316e-09, 4.20316e-09, 4.00413e-09, 4.00413e-09
5.71479e+04, 3.46471e-09, 3.46471e-09, 4.17393e-09, 4.17393e-09, 3.97628e-09, 3.97628e-09
5.90201e+04, 3.43953e-09, 3.43953e-09, 4.14360e-09, 4.14360e-09, 3.94738e-09, 3.94738e-09
6.09537e+04, 3.41385e-09, 3.41385e-09, 4.11266e-09, 4.11266e-09, 3.91791e-09, 3.91791e-09
6.29506e+04, 3.38817e-09, 3.38817e-09, 4.08172e-09, 4.08172e-09, 3.88844e-09, 3.88844e-09
6.50130e+04, 3.36310e-09, 3.36310e-09, 4.05152e-09, 4.05152e-09, 3.85967e-09, 3.85967e-09
6.71429e+04, 3.33938e-09, 3.33938e-09, 4.02294e-09, 4.02294e-09, 3.83244e-09, 3.83244e-09
6.93426e+04, 3.31786e-09, 3.31786e-09, 3.99702e-09, 3.99702e-09, 3.80775e-09, 3.80775e-09
7.16143e+04, 3.29955e-09, 3.29955e-09, 3.97496e-09, 3.97496e-09, 3.78673e-09, 3.78673e-09
7.39605e+04, 3.28496e-09, 3.28496e-09, 3.95738e-09, 3.95738e-09, 3.76998e-09, 3.76998e-09
7.63836e+04, 3.27368e-09, 3.27368e-09, 3.94380e-09, 3.94380e-09, 3.75705e-09, 3.75705e-09
7.88860e+04, 3.26510e-09, 3.26510e-09, 3.93347e-09, 3.93347e-09, 3.74720e-09, 3.74720e-09
8.14704e+04, 3.25843e-09, 3.25843e-09, 3.92543e-09, 3.92543e-09, 3.73954e-09, 3.73954e-09
8.41395e+04, 3.25268e-09, 3.25268e-09, 3.91849e-09, 3.91849e-09, 3.73294e-09, 3.73294e-09
8.68960e+04, 3.24663e-09, 3.24663e-09, 3.91121e-09, 3.91121e-09, 3.72600e-09, 3.72600e-09
8.97429e+04, 3.23884e-09, 3.23884e-09, 3.90182e-09, 3.90182e-09, 3.71705e-09, 3.71705e-09
9.26830e+04, 3.22822e-09, 3.22822e-09, 3.88903e-09, 3.88903e-09, 3.70487e-09, 3.70487e-09
9.57194e+04, 3.21507e-09, 3.21507e-09, 3.87318e-09, 3.87318e-09, 3.68977e-09, 3.68977e-09
9.88553e+04, 3.19994e-09, 3.19994e-09, 3.85496e-09, 3.85496e-09, 3.67241e-09, 3.67241e-09
1.02094e+05, 3.18355e-09, 3.18355e-09, 3.83522e-09, 3.83522e-09, 3.65360e-09, 3.65360e-09
1.05439e+05, 3.16678e-09, 3.16678e-09, 3.81502e-09, 3.81502e-09, 3.63436e-09, 3.63436e-09
1.08893e+05, 3.15070e-09, 3.15070e-09, 3.79565e-09, 3.79565e-09, 3.61591e-09, 3.61591e-09
1.12460e+05, 3.13660e-09, 3.13660e-09, 3.77865e-09, 3.77865e-09, 3.59972e-09, 3.59972e-09
1.16145e+05, 3.12558e-09, 3.12558e-09, 3.76538e-09, 3.76538e-09, 3.58708e-09, 3.58708e-09
1.19950e+05, 3.11758e-09, 3.11758e-09, 3.75574e-09, 3.75574e-09, 3.57790e-09, 3.57790e-09
1.23880e+05, 3.11217e-09, 3.11217e-09, 3.74922e-09, 3.74922e-09, 3.57168e-09, 3.57168e-09
1.27938e+05, 3.10879e-09, 3.10879e-09, 3.74515e-09, 3.74515e-09, 3.56781e-09, 3.56781e-09
1.32130e+05, 3.10675e-09, 3.10675e-09, 3.74270e-09, 3.74270e-09, 3.56547e-09, 3.56547e-09
1.36458e+05, 3.10519e-09, 3.10519e-09, 3.74081e-09, 3.74081e-09, 3.56367e-09, 3.56367e-09
1.40929e+05, 3.10304e-09, 3.10304e-09, 3.73823e-09, 3.73823e-09, 3.56121e-09, 3.56121e-09
1.45546e+05, 3.09921e-09, 3.09921e-09, 3.73361e-09, 3.73361e-09, 3.55681e-09, 3.55681e-09
1.50314e+05, 3.09322e-09, 3.09322e-09, 3.72639e-09, 3.72639e-09, 3.54993e-09, 3.54993e-09
1.55239e+05, 3.08478e-09, 3.08478e-09, 3.71623e-09, 3.71623e-09, 3.54026e-09, 3.54026e-09
1.60325e+05, 3.07361e-09, 3.07361e-09, 3.70277e-09, 3.70277e-09, 3.52743e-09, 3.52743e-09
1.65577e+05, 3.05935e-09, 3.05935e-09, 3.68560e-09, 3.68560e-09, 3.51107e-09, 3.51107e-09
1.71002e+05, 3.04165e-09, 3.04165e-09, 3.66427e-09, 3.66427e-09, 3.49075e-09, 3.49075e-09
1.76604e+05, 3.02008e-09, 3.02008e-09, 3.63828e-09, 3.63828e-09, 3.46600e-09, 3.46600e-09
1.82390e+05, 2.99425e-09, 2.99425e-09, 3.60717e-09, 3.60717e-09, 3.43636e-09, 3.43636e-09
1.88365e+05, 2.96427e-09, 2.96427e-09, 3.57105e-09, 3.57105e-09, 3.40195e-09, 3.40195e-09
1.94536e+05, 2.93054e-09, 2.93054e-09, 3.53042e-09, 3.53042e-09, 3.36324e-09, 3.36324e-09
2.00909e+05, 2.89363e-09, 2.89363e-09, 3.48595e-09, 3.48595e-09, 3.32088e-09, 3.32088e-09
2.07491e+05, 2.85423e-09, 2.85423e-09, 3.43849e-09, 3.43849e-09, 3.27566e-09, 3.27566e-09
2.14289e+05, 2.81322e-09, 2.81322e-09, 3.38908e-09, 3.38908e-09, 3.22860e-09, 3.22860e-09
2.21309e+05, 2.77167e-09, 2.77167e-09, 3.33902e-09, 3.33902e-09, 3.18090e-09, 3.18090e-09
2.28560e+05, 2.73081e-09, 2.73081e-09, 3.28980e-09, 3.28980e-09, 3.13402e-09, 3.13402e-09
2.36048e+05, 2.69141e-09, 2.69141e-09, 3.24234e-09, 3.24234e-09, 3.08880e-09, 3.08880e-09
2.43781e+05, 2.65384e-09, 2.65384e-09, 3.19708e-09, 3.19708e-09, 3.04568e-09, 3.04568e-09
2.51768e+05, 2.61850e-09, 2.61850e-09, 3.15450e-09, 3.15450e-09, 3.00512e-09, 3.00512e-09
2.60016e+05, 2.58584e-09, 2.58584e-09, 3.11515e-09, 3.11515e-09, 2.96764e-09, 2.96764e-09
2.68534e+05, 2.55636e-09, 2.55636e-09, 3.07964e-09, 3.07964e-09, 2.93381e-09, 2.93381e-09
2.77332e+05, 2.53065e-09, 2.53065e-09, 3.04867e-09, 3.04867e-09, 2.90430e-09, 2.90430e-09
2.86418e+05, 2.50930e-09, 2.50930e-09, 3.02295e-09, 3.02295e-09, 2.87981e-09, 2.87981e-09
2.95801e+05, 2.49240e-09, 2.49240e-09, 3.00259e-09, 3.00259e-09, 2.86041e-09, 2.86041e-09
3.05492e+05, 2.47934e-09, 2.47934e-09, 2.98686e-09, 2.98686e-09, 2.84542e-09, 2.84542e-09
3.15500e+05, 2.46930e-09, 2.46930e-09, 2.97476e-09, 2.97476e-09, 2.83389e-09, 2.83389e-09
3.25837e+05, 2.46123e-09, 2.46123e-09, 2.96504e-09, 2.96504e-09, 2.82464e-09, 2.82464e-09
3.36512e+05, 2.45387e-09, 2.45387e-09, 2.95618e-09, 2.95618e-09, 2.81619e-09, 2.81619e-09
3.47536e+05, 2.44565e-09, 2.44565e-09, 2.94627e-09, 2.94627e-09, 2.80675e-09, 2.80675e-09
3.58922e+05, 2.43469e-09, 2.43469e-09, 2.93307e-09, 2.93307e-09, 2.79417e-09, 2.79417e-09
3.70681e+05, 2.41984e-09, 2.41984e-09, 2.91518e-09, 2.91518e-09, 2.77714e-09, 2.77714e-09
3.82825e+05, 2.40142e-09, 2.40142e-09, 2.89298e-09, 2.89298e-09, 2.75599e-09, 2.75599e-09
3.95367e+05, 2.37996e-09, 2.37996e-09, 2.86713e-09, 2.86713e-09, 2.73136e-09, 2.73136e-09
4.08319e+05, 2.35618e-09, 2.35618e-09, 2.83848e-09, 2.83848e-09, 2.70407e-09, 2.70407e-09
4.21697e+05, 2.33094e-09, 2.33094e-09, 2.80808e-09, 2.80808e-09, 2.67511e-09, 2.67511e-09
4.35512e+05, 2.30533e-09, 2.30533e-09, 2.77722e-09, 2.77722e-09, 2.64571e-09, 2.64571e-09
4.49780e+05, 2.28064e-09, 2.28064e-09, 2.74748e-09, 2.74748e-09, 2.61738e-09, 2.61738e-09
4.64515e+05, 2.25785e-09, 2.25785e-09, 2.72003e-09, 2.72003e-09, 2.59122e-09, 2.59122e-09
4.79733e+05, 2.23680e-09, 2.23680e-09, 2.69466e-09, 2.69466e-09, 2.56706e-09, 2.56706e-09
4.95450e+05, 2.21707e-09, 2.21707e-09, 2.67090e-09, 2.67090e-09, 2.54443e-09, 2.54443e-09
5.11682e+05, 2.19817e-09, 2.19817e-09, 2.64813e-09, 2.64813e-09, 2.52273e-09, 2.52273e-09
5.28445e+05, 2.17945e-09, 2.17945e-09, 2.62558e-09, 2.62558e-09, 2.50125e-09, 2.50125e-09
5.45758e+05, 2.16014e-09, 2.16014e-09, 2.60232e-09, 2.60232e-09, 2.47909e-09, 2.47909e-09
5.63638e+05, 2.13930e-09, 2.13930e-09, 2.57721e-09, 2.57721e-09, 2.45517e-09, 2.45517e-09
5.82103e+05, 2.11611e-09, 2.11611e-09, 2.54928e-09, 2.54928e-09, 2.42856e-09, 2.42856e-09
6.01174e+05, 2.09070e-09, 2.09070e-09, 2.51866e-09, 2.51866e-09, 2.39940e-09, 2.39940e-09
6.20869e+05, 2.06346e-09, 2.06346e-09, 2.48584e-09, 2.48584e-09, 2.36813e-09, 2.36813e-09
6.41210e+05, 2.03487e-09, 2.03487e-09, 2.45140e-09, 2.45140e-09, 2.33532e-09, 2.33532e-09
6.62217e+05, 2.00555e-09, 2.00555e-09, 2.41608e-09, 2.41608e-09, 2.30167e-09, 2.30167e-09
6.83912e+05, 1.97623e-09, 1.97623e-09, 2.38076e-09, 2.38076e-09, 2.26803e-09, 2.26803e-09
7.06318e+05, 1.94782e-09, 1.94782e-09, 2.34653e-09, 2.34653e-09, 2.23542e-09, 2.23542e-09
7.29458e+05, 1.92120e-09, 1.92120e-09, 2.31446e-09, 2.31446e-09, 2.20486e-09, 2.20486e-09
7.53356e+05, 1.89654e-09, 1.89654e-09, 2.28475e-09, 2.28475e-09, 2.17656e-09, 2.17656e-09
7.78037e+05, 1.87372e-09, 1.87372e-09, 2.25726e-09, 2.25726e-09, 2.15037e-09, 2.15037e-09
8.03526e+05, 1.85257e-09, 1.85257e-09, 2.23178e-09, 2.23178e-09, 2.12610e-09, 2.12610e-09
8.29851e+05, 1.83285e-09, 1.83285e-09, 2.20803e-09, 2.20803e-09, 2.10347e-09, 2.10347e-09
8.57038e+05, 1.81426e-09, 1.81426e-09, 2.18564e-09, 2.18564e-09, 2.08214e-09, 2.08214e-09
8.85116e+05, 1.79641e-09, 1.79641e-09, 2.16413e-09, 2.16413e-09, 2.06165e-09, 2.06165e-09
9.14113e+05, 1.77886e-09, 1.77886e-09, 2.14298e-09, 2.14298e-09, 2.04150e-09, 2.04150e-09
9.44061e+05, 1.76147e-09, 1.76147e-09, 2.12204e-09, 2.12204e-09, 2.02156e-09, 2.02156e-09
9.74990e+05, 1.74430e-09, 1.74430e-09, 2.10136e-09, 2.10136e-09, 2.00185e-09, 2.00185e-09
1.00693e+06, 1.72738e-09, 1.72738e-09, 2.08097e-09, 2.08097e-09, 1.98243e-09, 1.98243e-09
1.03992e+06, 1.71076e-09, 1.71076e-09, 2.06095e-09, 2.06095e-09, 1.96336e-09, 1.96336e-09
1.07399e+06, 1.69449e-09, 1.69449e-09, 2.04135e-09, 2.04135e-09, 1.94468e-09, 1.94468e-09
1.10917e+06, 1.67861e-09, 1.67861e-09, 2.02222e-09, 2.02222e-09, 1.92646e-09, 1.92646e-09
1.14551e+06, 1.66317e-09, 1.66317e-09, 2.00362e-09, 2.00362e-09, 1.90874e-09, 1.90874e-09
1.18304e+06, 1.64814e-09, 1.64814e-09, 1.98551e-09, 1.98551e-09, 1.89149e-09, 1.89149e-09
1.22180e+06, 1.63340e-09, 1.63340e-09, 1.96776e-09, 1.96776e-09, 1.87458e-09, 1.87458e-09
1.26183e+06, 1.61882e-09, 1.61882e-09, 1.95018e-09, 1.95018e-09, 1.85784e-09, 1.85784e-09
1.30317e+06, 1.60421e-09, 1.60421e-09, 1.93258e-09, 1.93258e-09, 1.84107e-09, 1.84107e-09
1.34586e+06, 1.58935e-09, 1.58935e-09, 1.91469e-09, 1.91469e-09, 1.82402e-09, 1.82402e-09
1.38995e+06, 1.57399e-09, 1.57399e-09, 1.89618e-09, 1.89618e-09, 1.80639e-09, 1.80639e-09
1.43549e+06, 1.55782e-09, 1.55782e-09, 1.87670e-09, 1.87670e-09, 1.78783e-09, 1.78783e-09
1.48252e+06, 1.54085e-09, 1.54085e-09, 1.85626e-09, 1.85626e-09, 1.76836e-09, 1.76836e-09
1.53109e+06, 1.52351e-09, 1.52351e-09, 1.83537e-09, 1.83537e-09, 1.74846e-09, 1.74846e-09
1.58125e+06, 1.50633e-09, 1.50633e-09, 1.81468e-09, 1.81468e-09, 1.72874e-09, 1.72874e-09
1.63305e+06, 1.48996e-09, 1.48996e-09, 1.79495e-09, 1.79495e-09, 1.70995e-09, 1.70995e-09
1.68655e+06, 1.47515e-09, 1.47515e-09, 1.77711e-09, 1.77711e-09, 1.69295e-09, 1.69295e-09
1.74181e+06, 1.46280e-09, 1.46280e-09, 1.76224e-09, 1.76224e-09, 1.67879e-09, 1.67879e-09
1.79887e+06, 1.45398e-09, 1.45398e-09, 1.75160e-09, 1.75160e-09, 1.66866e-09, 1.66866e-09
1.85780e+06, 1.44917e-09, 1.44917e-09, 1.74581e-09, 1.74581e-09, 1.66314e-09, 1.66314e-09
1.91867e+06, 1.44783e-09, 1.44783e-09, 1.74420e-09, 1.74420e-09, 1.66161e-09, 1.66161e-09
1.98153e+06, 1.44919e-09, 1.44919e-09, 1.74583e-09, 1.74583e-09, 1.66316e-09, 1.66316e-09
2.04644e+06, 1.45223e-09, 1.45223e-09, 1.74950e-09, 1.74950e-09, 1.66666e-09, 1.66666e-09
2.11349e+06, 1.45574e-09, 1.45574e-09, 1.75373e-09, 1.75373e-09, 1.67068e-09, 1.67068e-09
2.18273e+06, 1.45822e-09, 1.45822e-09, 1.75671e-09, 1.75671e-09, 1.67352e-09, 1.67352e-09
2.25424e+06, 1.45786e-09, 1.45786e-09, 1.75628e-09, 1.75628e-09, 1.67312e-09, 1.67312e-09
2.32809e+06, 1.45337e-09, 1.45337e-09, 1.75087e-09, 1.75087e-09, 1.66796e-09, 1.66796e-09
2.40436e+06, 1.44506e-09, 1.44506e-09, 1.74086e-09, 1.74086e-09, 1.65842e-09, 1.65842e-09
2.48313e+06, 1.43362e-09, 1.43362e-09, 1.72708e-09, 1.72708e-09, 1.64530e-09, 1.64530e-09
2.56448e+06, 1.41995e-09, 1.41995e-09, 1.71061e-09, 1.71061e-09, 1.62961e-09, 1.62961e-09
2.64850e+06, 1.40513e-09, 1.40513e-09, 1.69275e-09, 1.69275e-09, 1.61260e-09, 1.61260e-09
2.73527e+06, 1.39050e-09, 1.39050e-09, 1.67513e-09, 1.67513e-09, 1.59580e-09, 1.59580e-09
2.82488e+06, 1.37767e-09, 1.37767e-09, 1.65968e-09, 1.65968e-09, 1.58109e-09, 1.58109e-09
2.91743e+06, 1.36805e-09, 1.36805e-09, 1.64809e-09, 1.64809e-09, 1.57005e-09, 1.57005e-09
3.01301e+06, 1.36141e-09, 1.36141e-09, 1.64009e-09, 1.64009e-09, 1.56243e-09, 1.56243e-09
3.11172e+06, 1.35707e-09, 1.35707e-09, 1.63485e-09, 1.63485e-09, 1.55744e-09, 1.55744e-09
3.21366e+06, 1.35414e-09, 1.35414e-09, 1.63132e-09, 1.63132e-09, 1.55407e-09, 1.55407e-09
3.31894e+06, 1.35155e-09, 1.35155e-09, 1.62821e-09, 1.62821e-09, 1.55110e-09, 1.55110e-09
3.42768e+06, 1.34799e-09, 1.34799e-09, 1.62392e-09, 1.62392e-09, 1.54702e-09, 1.54702e-09
3.53997e+06, 1.34189e-09, 1.34189e-09, 1.61657e-09, 1.61657e-09, 1.54002e-09, 1.54002e-09
3.65595e+06, 1.33174e-09, 1.33174e-09, 1.60435e-09, 1.60435e-09, 1.52838e-09, 1.52838e-09
3.77572e+06, 1.31788e-09, 1.31788e-09, 1.58765e-09, 1.58765e-09, 1.51247e-09, 1.51247e-09
3.89942e+06, 1.30140e-09, 1.30140e-09, 1.56779e-09, 1.56779e-09, 1.49355e-09, 1.49355e-09
4.02717e+06, 1.28366e-09, 1.28366e-09, 1.54642e-09, 1.54642e-09, 1.47319e-09, 1.47319e-09
4.15911e+06, 1.26632e-09, 1.26632e-09, 1.52554e-09, 1.52554e-09, 1.45330e-09, 1.45330e-09
4.29536e+06, 1.25141e-09, 1.25141e-09, 1.50757e-09, 1.50757e-09, 1.43618e-09, 1.43618e-09
4.43609e+06, 1.24132e-09, 1.24132e-09, 1.49542e-09, 1.49542e-09, 1.42461e-09, 1.42461e-09
4.58142e+06, 1.23857e-09, 1.23857e-09, 1.49210e-09, 1.49210e-09, 1.42145e-09, 1.42145e-09
4.73151e+06, 1.24322e-09, 1.24322e-09, 1.49771e-09, 1.49771e-09, 1.42679e-09, 1.42679e-09
4.88652e+06, 1.25387e-09, 1.25387e-09, 1.51053e-09, 1.51053e-09, 1.43900e-09, 1.43900e-09
5.04661e+06, 1.26871e-09, 1.26871e-09, 1.52842e-09, 1.52842e-09, 1.45604e-09, 1.45604e-09
5.21195e+06, 1.28552e-09, 1.28552e-09, 1.54867e-09, 1.54867e-09, 1.47533e-09, 1.47533e-09
5.38270e+06, 1.30158e-09, 1.30158e-09, 1.56801e-09, 1.56801e-09, 1.49376e-09, 1.49376e-09
5.55904e+06, 1.31358e-09, 1.31358e-09, 1.58247e-09, 1.58247e-09, 1.50753e-09, 1.50753e-09
5.74116e+06, 1.31784e-09, 1.31784e-09, 1.58760e-09, 1.58760e-09, 1.51242e-09, 1.51242e-09
5.92925e+06, 1.31326e-09, 1.31326e-09, 1.58208e-09, 1.58208e-09, 1.50716e-09, 1.50716e-09
6.12350e+06, 1.30101e-09, 1.30101e-09, 1.56732e-09, 1.56732e-09, 1.49310e-09, 1.49310e-09
6.32412e+06, 1.28264e-09, 1.28264e-09, 1.54520e-09, 1.54520e-09, 1.47203e-09, 1.47203e-09
6.53131e+06, 1.26013e-09, 1.26013e-09, 1.51808e-09, 1.51808e-09, 1.44619e-09, 1.44619e-09
6.74528e+06, 1.23591e-09, 1.23591e-09, 1.48889e-09, 1.48889e-09, 1.41839e-09, 1.41839e-09
6.96627e+06, 1.21293e-09, 1.21293e-09, 1.46121e-09, 1.46121e-09, 1.39202e-09, 1.39202e-09
7.19449e+06, 1.19468e-09, 1.19468e-09, 1.43923e-09, 1.43923e-09, 1.37108e-09, 1.37108e-09
7.43019e+06, 1.18289e-09, 1.18289e-09, 1.42502e-09, 1.42502e-09, 1.35754e-09, 1.35754e-09
7.67361e+06, 1.17699e-09, 1.17699e-09, 1.41792e-09, 1.41792e-09, 1.35078e-09, 1.35078e-09
7.92501e+06, 1.17613e-09, 1.17613e-09, 1.41689e-09, 1.41689e-09, 1.34979e-09, 1.34979e-09
8.18465e+06, 1.17920e-09, 1.17920e-09, 1.42058e-09, 1.42058e-09, 1.35331e-09, 1.35331e-09
8.45279e+06, 1.18479e-09, 1.18479e-09, 1.42732e-09, 1.42732e-09, 1.35973e-09, 1.35973e-09
8.72971e+06, 1.19119e-09, 1.19119e-09, 1.43502e-09, 1.43502e-09, 1.36707e-09, 1.36707e-09
9.01571e+06, 1.19630e-09, 1.19630e-09, 1.44118e-09, 1.44118e-09, 1.37294e-09, 1.37294e-09
9.31108e+06, 1.19869e-09, 1.19869e-09, 1.44407e-09, 1.44407e-09, 1.37568e-09, 1.37568e-09
9.61612e+06, 1.19830e-09, 1.19830e-09, 1.44359e-09, 1.44359e-09, 1.37523e-09, 1.37523e-09
9.93116e+06, 1.19521e-09, 1.19521e-09, 1.43986e-09, 1.43986e-09, 1.37168e-09, 1.37168e-09
1.02565e+07, 1.18955e-09, 1.18955e-09, 1.43305e-09, 1.43305e-09, 1.36519e-09, 1.36519e-09
1.05925e+07, 1.18154e-09, 1.18154e-09, 1.42340e-09, 1.42340e-09, 1.35600e-09, 1.35600e-09
1.09396e+07, 1.17144e-09, 1.17144e-09, 1.41124e-09, 1.41124e-09, 1.34441e-09, 1.34441e-09
1.12980e+07, 1.15961e-09, 1.15961e-09, 1.39698e-09, 1.39698e-09, 1.33083e-09, 1.33083e-09
1.16681e+07, 1.14642e-09, 1.14642e-09, 1.38109e-09, 1.38109e-09, 1.31569e-09, 1.31569e-09
1.20504e+07, 1.13214e-09, 1.13214e-09, 1.36389e-09, 1.36389e-09, 1.29930e-09, 1.29930e-09
1.24451e+07, 1.11710e-09, 1.11710e-09, 1.34577e-09, 1.34577e-09, 1.28204e-09, 1.28204e-09
1.28529e+07, 1.10170e-09, 1.10170e-09, 1.32721e-09, 1.32721e-09, 1.26436e-09, 1.26436e-09
1.32739e+07, 1.08642e-09, 1.08642e-09, 1.30880e-09, 1.30880e-09, 1.24683e-09, 1.24683e-09
1.37088e+07, 1.07185e-09, 1.07185e-09, 1.29125e-09, 1.29125e-09, 1.23011e-09, 1.23011e-09
1.41579e+07, 1.05868e-09, 1.05868e-09, 1.27539e-09, 1.27539e-09, 1.21500e-09, 1.21500e-09
1.46218e+07, 1.04754e-09, 1.04754e-09, 1.26198e-09, 1.26198e-09, 1.20222e-09, 1.20222e-09
1.51008e+07, 1.03848e-09, 1.03848e-09, 1.25106e-09, 1.25106e-09, 1.19181e-09, 1.19181e-09
1.55955e+07, 1.03137e-09, 1.03137e-09, 1.24249e-09, 1.24249e-09, 1.18365e-09, 1.18365e-09
1.61065e+07, 1.02603e-09, 1.02603e-09, 1.23606e-09, 1.23606e-09, 1.17753e-09, 1.17753e-09
1.66341e+07, 1.02225e-09, 1.02225e-09, 1.23150e-09, 1.23150e-09, 1.17318e-09, 1.17318e-09
1.71791e+07, 1.01970e-09, 1.01970e-09, 1.22844e-09, 1.22844e-09, 1.17026e-09, 1.17026e-09
1.77419e+07, 1.01802e-09, 1.01802e-09, 1.22641e-09, 1.22641e-09, 1.16833e-09, 1.16833e-09
1.83231e+07, 1.01678e-09, 1.01678e-09, 1.22491e-09, 1.22491e-09, 1.16691e-09, 1.16691e-09
1.89234e+07, 1.01581e-09, 1.01581e-09, 1.22375e-09, 1.22375e-09, 1.16580e-09, 1.16580e-09
1.95434e+07, 1.01501e-09, 1.01501e-09, 1.22278e-09, 1.22278e-09, 1.16488e-09, 1.16488e-09
2.01837e+07, 1.01425e-09, 1.01425e-09, 1.22186e-09, 1.22186e-09, 1.16400e-09, 1.16400e-09
2.08449e+07, 1.01335e-09, 1.01335e-09, 1.22078e-09, 1.22078e-09, 1.16298e-09, 1.16298e-09
2.15278e+07, 1.01214e-09, 1.01214e-09, 1.21933e-09, 1.21933e-09, 1.16159e-09, 1.16159e-09
2.22331e+07, 1.01038e-09, 1.01038e-09, 1.21721e-09, 1.21721e-09, 1.15957e-09, 1.15957e-09
2.29615e+07, 1.00781e-09, 1.00781e-09, 1.21411e-09, 1.21411e-09, 1.15662e-09, 1.15662e-09
2.37137e+07, 1.00420e-09, 1.00420e-09, 1.20976e-09, 1.20976e-09, 1.15248e-09, 1.15248e-09
2.44906e+07, 9.99323e-10, 9.99323e-10, 1.20388e-09, 1.20388e-09, 1.14687e-09, 1.14687e-09
2.52930e+07, 9.92909e-10, 9.92909e-10, 1.19616e-09, 1.19616e-09, 1.13951e-09, 1.13951e-09
2.61216e+07, 9.84663e-10, 9.84663e-10, 1.18622e-09, 1.18622e-09, 1.13005e-09, 1.13005e-09
2.69774e+07, 9.74239e-10, 9.74239e-10, 1.17366e-09, 1.17366e-09, 1.11809e-09, 1.11809e-09
2.78612e+07, 9.61248e-10, 9.61248e-10, 1.15801e-09, 1.15801e-09, 1.10318e-09, 1.10318e-09
2.87740e+07, 9.45293e-10, 9.45293e-10, 1.13879e-09, 1.13879e-09, 1.08487e-09, 1.08487e-09
2.97167e+07, 9.26559e-10, 9.26559e-10, 1.11622e-09, 1.11622e-09, 1.06337e-09, 1.06337e-09
3.06902e+07, 9.05761e-10, 9.05761e-10, 1.09117e-09, 1.09117e-09, 1.03950e-09, 1.03950e-09
3.16957e+07, 8.83798e-10, 8.83798e-10, 1.06471e-09, 1.06471e-09, 1.01429e-09, 1.01429e-09
3.27341e+07, 8.61770e-10, 8.61770e-10, 1.03817e-09, 1.03817e-09, 9.89011e-10, 9.89011e-10
3.38065e+07, 8.41007e-10, 8.41007e-10, 1.01316e-09, 1.01316e-09, 9.65182e-10, 9.65182e-10
3.49140e+07, 8.23103e-10, 8.23103e-10, 9.91590e-10, 9.91590e-10, 9.44635e-10, 9.44635e-10
3.60579e+07, 8.09891e-10, 8.09891e-10, 9.75673e-10, 9.75673e-10, 9.29472e-10, 9.29472e-10
3.72392e+07, 8.02063e-10, 8.02063e-10, 9.66243e-10, 9.66243e-10, 9.20488e-10, 9.20488e-10
3.84592e+07, 7.98848e-10, 7.98848e-10, 9.62370e-10, 9.62370e-10, 9.16799e-10, 9.16799e-10
3.97192e+07, 7.99180e-10, 7.99180e-10, 9.62771e-10, 9.62771e-10, 9.17180e-10, 9.17180e-10
4.10204e+07, 8.01721e-10, 8.01721e-10, 9.65832e-10, 9.65832e-10, 9.20096e-10, 9.20096e-10
4.23643e+07, 8.04821e-10, 8.04821e-10, 9.69566e-10, 9.69566e-10, 9.23653e-10, 9.23653e-10
4.37522e+07, 8.06467e-10, 8.06467e-10, 9.71550e-10, 9.71550e-10, 9.25543e-10, 9.25543e-10
4.51856e+07, 8.04268e-10, 8.04268e-10, 9.68900e-10, 9.68900e-10, 9.23019e-10, 9.23019e-10
4.66659e+07, 7.96755e-10, 7.96755e-10, 9.59849e-10, 9.59849e-10, 9.14396e-10, 9.14396e-10
4.81948e+07, 7.84337e-10, 7.84337e-10, 9.44889e-10, 9.44889e-10, 9.00145e-10, 9.00145e-10
4.97737e+07, 7.67745e-10, 7.67745e-10, 9.24900e-10, 9.24900e-10, 8.81103e-10, 8.81103e-10
5.14044e+07, 7.47913e-10, 7.47913e-10, 9.01009e-10, 9.01009e-10, 8.58343e-10, 8.58343e-10
5.30884e+07, 7.26015e-10, 7.26015e-10, 8.74628e-10, 8.74628e-10, 8.33211e-10, 8.33211e-10
5.48277e+07, 7.03493e-10, 7.03493e-10, 8.47496e-10, 8.47496e-10, 8.07364e-10, 8.07364e-10
5.66239e+07, 6.82098e-10, 6.82098e-10, 8.21723e-10, 8.21723e-10, 7.82811e-10, 7.82811e-10
5.84790e+07, 6.63254e-10, 6.63254e-10, 7.99021e-10, 7.99021e-10, 7.61185e-10, 7.61185e-10
6.03949e+07, 6.47114e-10, 6.47114e-10, 7.79577e-10, 7.79577e-10, 7.42661e-10, 7.42661e-10
6.23735e+07, 6.33618e-10, 6.33618e-10, 7.63319e-10, 7.63319e-10, 7.27173e-10, 7.27173e-10
6.44169e+07, 6.22657e-10, 6.22657e-10, 7.50114e-10, 7.50114e-10, 7.14593e-10, 7.14593e-10
6.65273e+07, 6.14063e-10, 6.14063e-10, 7.39761e-10, 7.39761e-10, 7.04731e-10, 7.04731e-10
6.87068e+07, 6.07602e-10, 6.07602e-10, 7.31977e-10, 7.31977e-10, 6.97316e-10, 6.97316e-10
7.09578e+07, 6.02961e-10, 6.02961e-10, 7.26385e-10, 7.26385e-10, 6.91988e-10, 6.91988e-10
7.32825e+07, 5.99789e-10, 5.99789e-10, 7.22565e-10, 7.22565e-10, 6.88349e-10, 6.88349e-10
7.56833e+07, 5.97837e-10, 5.97837e-10, 7.20213e-10, 7.20213e-10, 6.86108e-10, 6.86108e-10
7.81628e+07, 5.96822e-10, 5.96822e-10, 7.18990e-10, 7.18990e-10, 6.84943e-10, 6.84943e-10
8.07235e+07, 5.96390e-10, 5.96390e-10, 7.18470e-10, 7.18470e-10, 6.84448e-10, 6.84448e-10
8.33681e+07, 5.96106e-10, 5.96106e-10, 7.18128e-10, 7.18128e-10, 6.84122e-10, 6.84122e-10
8.60994e+07, 5.95438e-10, 5.95438e-10, 7.17323e-10, 7.17323e-10, 6.83355e-10, 6.83355e-10
8.89201e+07, 5.93745e-10, 5.93745e-10, 7.15283e-10, 7.15283e-10, 6.81412e-10, 6.81412e-10
9.18333e+07, 5.90387e-10, 5.90387e-10, 7.11239e-10, 7.11239e-10, 6.77559e-10, 6.77559e-10
9.48418e+07, 5.85257e-10, 5.85257e-10, 7.05058e-10, 7.05058e-10, 6.71671e-10, 6.71671e-10
9.79490e+07, 5.78454e-10, 5.78454e-10, 6.96862e-10, 6.96862e-10, 6.63863e-10, 6.63863e-10
1.01158e+08, 5.70118e-10, 5.70118e-10, 6.86821e-10, 6.86821e-10, 6.54297e-10, 6.54297e-10
1.04472e+08, 5.60440e-10, 5.60440e-10, 6.75161e-10, 6.75161e-10, 6.43190e-10, 6.43190e-10
1.07895e+08, 5.49664e-10, 5.49664e-10, 6.62179e-10, 6.62179e-10, 6.30822e-10, 6.30822e-10
1.11429e+08, 5.38096e-10, 5.38096e-10, 6.48243e-10, 6.48243e-10, 6.17546e-10, 6.17546e-10
1.15080e+08, 5.26098e-10, 5.26098e-10, 6.33790e-10, 6.33790e-10, 6.03777e-10, 6.03777e-10
1.18850e+08, 5.13952e-10, 5.13952e-10, 6.19157e-10, 6.19157e-10, 5.89837e-10, 5.89837e-10
1.22744e+08, 5.01917e-10, 5.01917e-10, 6.04658e-10, 6.04658e-10, 5.76026e-10, 5.76026e-10
1.26765e+08, 4.90306e-10, 4.90306e-10, 5.90671e-10, 5.90671e-10, 5.62701e-10, 5.62701e-10
1.30918e+08, 4.79491e-10, 4.79491e-10, 5.77641e-10, 5.77641e-10, 5.50288e-10, 5.50288e-10
1.35207e+08, 4.69907e-10, 4.69907e-10, 5.66096e-10, 5.66096e-10, 5.39289e-10, 5.39289e-10
1.39637e+08, 4.62069e-10, 4.62069e-10, 5.56653e-10, 5.56653e-10, 5.30294e-10, 5.30294e-10
1.44212e+08, 4.56534e-10, 4.56534e-10, 5.49985e-10, 5.49985e-10, 5.23941e-10, 5.23941e-10
1.48936e+08, 4.53403e-10, 4.53403e-10, 5.46213e-10, 5.46213e-10, 5.20348e-10, 5.20348e-10
1.53815e+08, 4.52375e-10, 4.52375e-10, 5.44975e-10, 5.44975e-10, 5.19168e-10, 5.19168e-10
1.58855e+08, 4.53049e-10, 4.53049e-10, 5.45787e-10, 5.45787e-10, 5.19942e-10, 5.19942e-10
1.64059e+08, 4.54918e-10, 4.54918e-10, 5.48039e-10, 5.48039e-10, 5.22087e-10, 5.22087e-10
1.69434e+08, 4.57351e-10, 4.57351e-10, 5.50970e-10, 5.50970e-10, 5.24879e-10, 5.24879e-10
1.74985e+08, 4.59576e-10, 4.59576e-10, 5.53650e-10, 5.53650e-10, 5.27432e-10, 5.27432e-10
1.80717e+08, 4.60685e-10, 4.60685e-10, 5.54986e-10, 5.54986e-10, 5.28706e-10, 5.28706e-10
1.86638e+08, 4.60233e-10, 4.60233e-10, 5.54442e-10, 5.54442e-10, 5.28187e-10, 5.28187e-10
1.92752e+08, 4.58371e-10, 4.58371e-10, 5.52199e-10, 5.52199e-10, 5.26050e-10, 5.26050e-10
1.99067e+08, 4.55330e-10, 4.55330e-10, 5.48535e-10, 5.48535e-10, 5.22560e-10, 5.22560e-10
2.05589e+08, 4.51404e-10, 4.51404e-10, 5.43806e-10, 5.43806e-10, 5.18055e-10, 5.18055e-10
2.12324e+08, 4.46963e-10, 4.46963e-10, 5.38455e-10, 5.38455e-10, 5.12957e-10, 5.12957e-10
2.19280e+08, 4.42457e-10, 4.42457e-10, 5.33027e-10, 5.33027e-10, 5.07786e-10, 5.07786e-10
2.26464e+08, 4.38432e-10, 4.38432e-10, 5.28178e-10, 5.28178e-10, 5.03167e-10, 5.03167e-10
2.33884e+08, 4.35293e-10, 4.35293e-10, 5.24396e-10, 5.24396e-10, 4.99564e-10, 4.99564e-10
2.41546e+08, 4.33143e-10, 4.33143e-10, 5.21806e-10, 5.21806e-10, 4.97096e-10, 4.97096e-10
2.49459e+08, 4.32062e-10, 4.32062e-10, 5.20504e-10, 5.20504e-10, 4.95856e-10, 4.95856e-10
2.57632e+08, 4.32135e-10, 4.32135e-10, 5.20592e-10, 5.20592e-10, 4.95940e-10, 4.95940e-10
2.66073e+08, 4.33449e-10, 4.33449e-10, 5.22176e-10, 5.22176e-10, 4.97449e-10, 4.97449e-10
2.74789e+08, 4.36095e-10, 4.36095e-10, 5.25363e-10, 5.25363e-10, 5.00485e-10, 5.00485e-10
2.83792e+08, 4.40165e-10, 4.40165e-10, 5.30266e-10, 5.30266e-10, 5.05156e-10, 5.05156e-10
2.93089e+08, 4.45650e-10, 4.45650e-10, 5.36874e-10, 5.36874e-10, 5.11451e-10, 5.11451e-10
3.02691e+08, 4.52287e-10, 4.52287e-10, 5.44869e-10, 5.44869e-10, 5.19067e-10, 5.19067e-10
3.12608e+08, 4.59709e-10, 4.59709e-10, 5.53811e-10, 5.53811e-10, 5.27586e-10, 5.27586e-10
3.22849e+08, 4.67467e-10, 4.67467e-10, 5.63156e-10, 5.63156e-10, 5.36488e-10, 5.36488e-10
3.33426e+08, 4.75008e-10, 4.75008e-10, 5.72241e-10, 5.72241e-10, 5.45144e-10, 5.45144e-10
3.44350e+08, 4.81671e-10, 4.81671e-10, 5.80268e-10, 5.80268e-10, 5.52790e-10, 5.52790e-10
3.55631e+08, 4.86663e-10, 4.86663e-10, 5.86282e-10, 5.86282e-10, 5.58519e-10, 5.58519e-10
3.67282e+08, 4.89330e-10, 4.89330e-10, 5.89495e-10, 5.89495e-10, 5.61581e-10, 5.61581e-10
3.79315e+08, 4.89881e-10, 4.89881e-10, 5.90159e-10, 5.90159e-10, 5.62213e-10, 5.62213e-10
3.91742e+08, 4.88800e-10, 4.88800e-10, 5.88856e-10, 5.88856e-10, 5.60972e-10, 5.60972e-10
4.04576e+08, 4.86693e-10, 4.86693e-10, 5.86318e-10, 5.86318e-10, 5.58554e-10, 5.58554e-10
4.17830e+08, 4.84312e-10, 4.84312e-10, 5.83449e-10, 5.83449e-10, 5.55821e-10, 5.55821e-10
4.31519e+08, 4.82568e-10, 4.82568e-10, 5.81349e-10, 5.81349e-10, 5.53820e-10, 5.53820e-10
4.45656e+08, 4.82562e-10, 4.82562e-10, 5.81342e-10, 5.81342e-10, 5.53813e-10, 5.53813e-10
4.60257e+08, 4.85367e-10, 4.85367e-10, 5.84721e-10, 5.84721e-10, 5.57032e-10, 5.57032e-10
4.75335e+08, 4.91011e-10, 4.91011e-10, 5.91520e-10, 5.91520e-10, 5.63509e-10, 5.63509e-10
4.90908e+08, 4.99089e-10, 4.99089e-10, 6.01251e-10, 6.01251e-10, 5.72780e-10, 5.72780e-10
5.06991e+08, 5.09082e-10, 5.09082e-10, 6.13290e-10, 6.13290e-10, 5.84248e-10, 5.84248e-10
5.23600e+08, 5.20337e-10, 5.20337e-10, 6.26849e-10, 6.26849e-10, 5.97165e-10, 5.97165e-10
5.40754e+08, 5.32050e-10, 5.32050e-10, 6.40959e-10, 6.40959e-10, 6.10607e-10, 6.10607e-10
5.58470e+08, 5.43239e-10, 5.43239e-10, 6.54439e-10, 6.54439e-10, 6.23449e-10, 6.23449e-10
5.76766e+08, 5.52845e-10, 5.52845e-10, 6.66011e-10, 6.66011e-10, 6.34473e-10, 6.34473e-10
5.95662e+08, 5.60580e-10, 5.60580e-10, 6.75329e-10, 6.75329e-10, 6.43350e-10, 6.43350e-10
6.15177e+08, 5.66600e-10, 5.66600e-10, 6.82582e-10, 6.82582e-10, 6.50259e-10, 6.50259e-10
6.35331e+08, 5.71119e-10, 5.71119e-10, 6.88026e-10, 6.88026e-10, 6.55445e-10, 6.55445e-10
6.56145e+08, 5.74418e-10, 5.74418e-10, 6.92001e-10, 6.92001e-10, 6.59232e-10, 6.59232e-10
6.77642e+08, 5.76854e-10, 5.76854e-10, 6.94935e-10, 6.94935e-10, 6.62027e-10, 6.62027e-10
6.99842e+08, 5.78870e-10, 5.78870e-10, 6.97364e-10, 6.97364e-10, 6.64341e-10, 6.64341e-10
7.22770e+08, 5.80985e-10, 5.80985e-10, 6.99912e-10, 6.99912e-10, 6.66768e-10, 6.66768e-10
7.46449e+08, 5.83475e-10, 5.83475e-10, 7.02912e-10, 7.02912e-10, 6.69626e-10, 6.69626e-10
7.70903e+08, 5.86418e-10, 5.86418e-10, 7.06456e-10, 7.06456e-10, 6.73003e-10, 6.73003e-10
7.96159e+08, 5.89895e-10, 5.89895e-10, 7.10645e-10, 7.10645e-10, 6.76994e-10, 6.76994e-10
8.22243e+08, 5.94003e-10, 5.94003e-10, 7.15594e-10, 7.15594e-10, 6.81708e-10, 6.81708e-10
8.49180e+08, 5.98849e-10, 5.98849e-10, 7.21432e-10, 7.21432e-10, 6.87269e-10, 6.87269e-10
8.77001e+08, 6.04556e-10, 6.04556e-10, 7.28307e-10, 7.28307e-10, 6.93819e-10, 6.93819e-10
9.05733e+08, 6.11255e-10, 6.11255e-10, 7.36377e-10, 7.36377e-10, 7.01507e-10, 7.01507e-10
9.35406e+08, 6.18873e-10, 6.18873e-10, 7.45555e-10, 7.45555e-10, 7.10250e-10, 7.10250e-10
9.66051e+08, 6.27081e-10, 6.27081e-10, 7.55443e-10, 7.55443e-10, 7.19670e-10, 7.19670e-10
9.97700e+08, 6.35464e-10, 6.35464e-10, 7.65543e-10, 7.65543e-10, 7.29291e-10, 7.29291e-10
1.03039e+09, 6.43520e-10, 6.43520e-10, 7.75247e-10, 7.75247e-10, 7.38536e-10, 7.38536e-10
1.06414e+09, 6.50642e-10, 6.50642e-10, 7.83827e-10, 7.83827e-10, 7.46710e-10, 7.46710e-10
1.09901e+09, 6.56109e-10, 6.56109e-10, 7.90413e-10, 7.90413e-10, 7.52984e-10, 7.52984e-10
1.13501e+09, 6.59080e-10, 6.59080e-10, 7.93992e-10, 7.93992e-10, 7.56393e-10, 7.56393e-10
1.17220e+09, 6.59116e-10, 6.59116e-10, 7.94035e-10, 7.94035e-10, 7.56435e-10, 7.56435e-10
1.21060e+09, 6.56566e-10, 6.56566e-10, 7.90964e-10, 7.90964e-10, 7.53509e-10, 7.53509e-10
1.25026e+09, 6.51955e-10, 6.51955e-10, 7.85409e-10, 7.85409e-10, 7.48217e-10, 7.48217e-10
1.29122e+09, 6.45946e-10, 6.45946e-10, 7.78170e-10, 7.78170e-10, 7.41321e-10, 7.41321e-10
1.33352e+09, 6.39359e-10, 6.39359e-10, 7.70235e-10, 7.70235e-10, 7.33761e-10, 7.33761e-10
1.37721e+09, 6.33195e-10, 6.33195e-10, 7.62808e-10, 7.62808e-10, 7.26687e-10, 7.26687e-10
1.42233e+09, 6.28658e-10, 6.28658e-10, 7.57343e-10, 7.57343e-10, 7.21480e-10, 7.21480e-10
1.46893e+09, 6.26614e-10, 6.26614e-10, 7.54881e-10, 7.54881e-10, 7.19135e-10, 7.19135e-10
1.51705e+09, 6.26791e-10, 6.26791e-10, 7.55094e-10, 7.55094e-10, 7.19338e-10, 7.19338e-10
1.56675e+09, 6.28653e-10, 6.28653e-10, 7.57337e-10, 7.57337e-10, 7.21474e-10, 7.21474e-10
1.61808e+09, 6.31529e-10, 6.31529e-10, 7.60802e-10, 7.60802e-10, 7.24775e-10, 7.24775e-10
1.67109e+09, 6.34595e-10, 6.34595e-10, 7.64495e-10, 7.64495e-10, 7.28293e-10, 7.28293e-10
1.72584e+09, 6.36845e-10, 6.36845e-10, 7.67206e-10, 7.67206e-10, 7.30876e-10, 7.30876e-10
1.78238e+09, 6.37074e-10, 6.37074e-10, 7.67482e-10, 7.67482e-10, 7.31139e-10, 7.31139e-10
1.84077e+09, 6.34238e-10, 6.34238e-10, 7.64065e-10, 7.64065e-10, 7.27884e-10, 7.27884e-10
1.90108e+09, 6.28450e-10, 6.28450e-10, 7.57092e-10, 7.57092e-10, 7.21241e-10, 7.21241e-10
1.96336e+09, 6.20166e-10, 6.20166e-10, 7.47113e-10, 7.47113e-10, 7.11734e-10, 7.11734e-10
2.02768e+09, 6.09971e-10, 6.09971e-10, 7.34831e-10, 7.34831e-10, 7.00034e-10, 7.00034e-10
2.09411e+09, 5.98596e-10, 5.98596e-10, 7.21128e-10, 7.21128e-10, 6.86980e-10, 6.86980e-10
2.16272e+09, 5.86940e-10, 5.86940e-10, 7.07085e-10, 7.07085e-10, 6.73602e-10, 6.73602e-10
2.23357e+09, 5.76095e-10, 5.76095e-10, 6.94020e-10, 6.94020e-10, 6.61156e-10, 6.61156e-10
2.30675e+09, 5.67135e-10, 5.67135e-10, 6.83226e-10, 6.83226e-10, 6.50873e-10, 6.50873e-10
2.38232e+09, 5.60095e-10, 5.60095e-10, 6.74745e-10, 6.74745e-10, 6.42794e-10, 6.42794e-10
2.46037e+09, 5.54590e-10, 5.54590e-10, 6.68113e-10, 6.68113e-10, 6.36476e-10, 6.36476e-10
2.54097e+09, 5.50130e-10, 5.50130e-10, 6.62740e-10, 6.62740e-10, 6.31357e-10, 6.31357e-10
2.62422e+09, 5.46106e-10, 5.46106e-10, 6.57893e-10, 6.57893e-10, 6.26739e-10, 6.26739e-10
2.71019e+09, 5.41775e-10, 5.41775e-10, 6.52675e-10, 6.52675e-10, 6.21769e-10, 6.21769e-10
2.79898e+09, 5.36236e-10, 5.36236e-10, 6.46003e-10, 6.46003e-10, 6.15412e-10, 6.15412e-10
2.89068e+09, 5.28533e-10, 5.28533e-10, 6.36723e-10, 6.36723e-10, 6.06572e-10, 6.06572e-10
2.98538e+09, 5.18519e-10, 5.18519e-10, 6.24659e-10, 6.24659e-10, 5.95079e-10, 5.95079e-10
3.08319e+09, 5.06527e-10, 5.06527e-10, 6.10212e-10, 6.10212e-10, 5.81316e-10, 5.81316e-10
3.18420e+09, 4.92987e-10, 4.92987e-10, 5.93900e-10, 5.93900e-10, 5.65777e-10, 5.65777e-10
3.28852e+09, 4.78436e-10, 4.78436e-10, 5.76371e-10, 5.76371e-10, 5.49077e-10, 5.49077e-10
3.39625e+09, 4.63536e-10, 4.63536e-10, 5.58421e-10, 5.58421e-10, 5.31978e-10, 5.31978e-10
3.50752e+09, 4.49093e-10, 4.49093e-10, 5.41022e-10, 5.41022e-10, 5.15402e-10, 5.15402e-10
3.62243e+09, 4.36015e-10, 4.36015e-10, 5.25266e-10, 5.25266e-10, 5.00393e-10, 5.00393e-10
3.74111e+09, 4.24605e-10, 4.24605e-10, 5.11521e-10, 5.11521e-10, 4.87299e-10, 4.87299e-10
3.86367e+09, 4.14648e-10, 4.14648e-10, 4.99526e-10, 4.99526e-10, 4.75872e-10, 4.75872e-10
3.99025e+09, 4.05848e-10, 4.05848e-10, 4.88924e-10, 4.88924e-10, 4.65772e-10, 4.65772e-10
4.12098e+09, 3.97830e-10, 3.97830e-10, 4.79265e-10, 4.79265e-10, 4.56570e-10, 4.56570e-10
4.25598e+09, 3.90128e-10, 3.90128e-10, 4.69986e-10, 4.69986e-10, 4.47731e-10, 4.47731e-10
4.39542e+09, 3.82170e-10, 3.82170e-10, 4.60399e-10, 4.60399e-10, 4.38597e-10, 4.38597e-10
4.53942e+09, 3.73283e-10, 3.73283e-10, 4.49693e-10, 4.49693e-10, 4.28398e-10, 4.28398e-10
4.68813e+09, 3.63134e-10, 3.63134e-10, 4.37467e-10, 4.37467e-10, 4.16751e-10, 4.16751e-10
4.84172e+09, 3.51830e-10, 3.51830e-10, 4.23849e-10, 4.23849e-10, 4.03778e-10, 4.03778e-10
5.00035e+09, 3.39535e-10, 3.39535e-10, 4.09037e-10, 4.09037e-10, 3.89668e-10, 3.89668e-10
5.16416e+09, 3.26459e-10, 3.26459e-10, 3.93284e-10, 3.93284e-10, 3.74661e-10, 3.74661e-10
5.33335e+09, 3.12862e-10, 3.12862e-10, 3.76904e-10, 3.76904e-10, 3.59056e-10, 3.59056e-10
5.50808e+09, 2.99065e-10, 2.99065e-10, 3.60283e-10, 3.60283e-10, 3.43222e-10, 3.43222e-10
5.68853e+09, 2.85452e-10, 2.85452e-10, 3.43883e-10, 3.43883e-10, 3.27599e-10, 3.27599e-10
5.87489e+09, 2.72303e-10, 2.72303e-10, 3.28043e-10, 3.28043e-10, 3.12509e-10, 3.12509e-10
6.06736e+09, 2.59671e-10, 2.59671e-10, 3.12825e-10, 3.12825e-10, 2.98011e-10, 2.98011e-10
6.26614e+09, 2.47587e-10, 2.47587e-10, 2.98267e-10, 2.98267e-10, 2.84143e-10, 2.84143e-10
6.47143e+09, 2.36081e-10, 2.36081e-10, 2.84406e-10, 2.84406e-10, 2.70938e-10, 2.70938e-10
6.68344e+09, 2.25177e-10, 2.25177e-10, 2.71271e-10, 2.71271e-10, 2.58425e-10, 2.58425e-10
6.90240e+09, 2.14898e-10, 2.14898e-10, 2.58887e-10, 2.58887e-10, 2.46628e-10, 2.46628e-10
7.12853e+09, 2.05256e-10, 2.05256e-10, 2.47272e-10, 2.47272e-10, 2.35562e-10, 2.35562e-10
7.36207e+09, 1.96246e-10, 1.96246e-10, 2.36417e-10, 2.36417e-10, 2.25221e-10, 2.25221e-10
7.60326e+09, 1.87814e-10, 1.87814e-10, 2.26260e-10, 2.26260e-10, 2.15545e-10, 2.15545e-10
7.85236e+09, 1.79886e-10, 1.79886e-10, 2.16708e-10, 2.16708e-10, 2.06446e-10, 2.06446e-10
8.10961e+09, 1.72359e-10, 1.72359e-10, 2.07641e-10, 2.07641e-10, 1.97808e-10, 1.97808e-10
8.37529e+09, 1.65105e-10, 1.65105e-10, 1.98902e-10, 1.98902e-10, 1.89483e-10, 1.89483e-10
8.64968e+09, 1.57961e-10, 1.57961e-10, 1.90296e-10, 1.90296e-10, 1.81284e-10, 1.81284e-10
8.93305e+09, 1.50728e-10, 1.50728e-10, 1.81582e-10, 1.81582e-10, 1.72984e-10, 1.72984e-10
9.22571e+09, 1.43233e-10, 1.43233e-10, 1.72552e-10, 1.72552e-10, 1.64381e-10, 1.64381e-10
9.52796e+09, 1.35500e-10, 1.35500e-10, 1.63237e-10, 1.63237e-10, 1.55507e-10, 1.55507e-10
9.84011e+09, 1.27612e-10, 1.27612e-10, 1.53734e-10, 1.53734e-10, 1.46454e-10, 1.46454e-10
