# Fang et al., newborn pulsars (source), Phys. Rev. D 90, 103005 (2014)
# Energy [GeV], E**2 Flux [GeV cm^-2] (nue anue numu anumu nutau anutau)
1.01625e+03, 6.50808e-12, 6.50808e-12, 7.84027e-12, 7.84027e-12, 7.46900e-12, 7.46900e-12
1.04954e+03, 6.64003e-12, 6.64003e-12, 7.99923e-12, 7.99923e-12, 7.62043e-12, 7.62043e-12
1.08393e+03, 6.77439e-12, 6.77439e-12, 8.16110e-12, 8.16110e-12, 7.77464e-12, 7.77464e-12
1.11944e+03, 6.91119e-12, 6.91119e-12, 8.32589e-12, 8.32589e-12, 7.93163e-12, 7.93163e-12
1.15611e+03, 7.05042e-12, 7.05042e-12, 8.49362e-12, 8.49362e-12, 8.09142e-12, 8.09142e-12
1.19399e+03, 7.19210e-12, 7.19210e-12, 8.66431e-12, 8.66431e-12, 8.25402e-12, 8.25402e-12
1.23310e+03, 7.33625e-12, 7.33625e-12, 8.83797e-12, 8.83797e-12, 8.41946e-12, 8.41946e-12
1.27350e+03, 7.48290e-12, 7.48290e-12, 9.01463e-12, 9.01463e-12, 8.58776e-12, 8.58776e-12
1.31522e+03, 7.63206e-12, 7.63206e-12, 9.19433e-12, 9.19433e-12, 8.75894e-12, 8.75894e-12
1.35831e+03, 7.78378e-12, 7.78378e-12, 9.37710e-12, 9.37710e-12, 8.93306e-12, 8.93306e-12
1.40281e+03, 7.93809e-12, 7.93809e-12, 9.56300e-12, 9.56300e-12, 9.11016e-12, 9.11016e-12
1.44877e+03, 8.09505e-12, 8.09505e-12, 9.75209e-12, 9.75209e-12, 9.29029e-12, 9.29029e-12
1.49624e+03, 8.25472e-12, 8.25472e-12, 9.94445e-12, 9.94445e-12, 9.47354e-12, 9.47354e-12
1.54525e+03, 8.41719e-12, 8.41719e-12, 1.01402e-11, 1.01402e-11, 9.65999e-12, 9.65999e-12
1.59588e+03, 8.58254e-12, 8.58254e-12, 1.03394e-11, 1.03394e-11, 9.84976e-12, 9.84976e-12
1.64816e+03, 8.75090e-12, 8.75090e-12, 1.05422e-11, 1.05422e-11, 1.00430e-11, 1.00430e-11
1.70216e+03, 8.92241e-12, 8.92241e-12, 1.07488e-11, 1.07488e-11, 1.02398e-11, 1.02398e-11
1.75792e+03, 9.09724e-12, 9.09724e-12, 1.09594e-11, 1.09594e-11, 1.04405e-11, 1.04405e-11
1.81552e+03, 9.27558e-12, 9.27558e-12, 1.11743e-11, 1.11743e-11, 1.06451e-11, 1.06451e-11
1.87499e+03, 9.45755e-12, 9.45755e-12, 1.13935e-11, 1.13935e-11, 1.08540e-11, 1.08540e-11
1.93642e+03, 9.64319e-12, 9.64319e-12, 1.16171e-11, 1.16171e-11, 1.10670e-11, 1.10670e-11
1.99986e+03, 9.83255e-12, 9.83255e-12, 1.18452e-11, 1.18452e-11, 1.12843e-11, 1.12843e-11
2.06538e+03, 1.00257e-11, 1.00257e-11, 1.20779e-11, 1.20779e-11, 1.15060e-11, 1.15060e-11
2.13304e+03, 1.02226e-11, 1.02226e-11, 1.23152e-11, 1.23152e-11, 1.17320e-11, 1.17320e-11
2.20293e+03, 1.04235e-11, 1.04235e-11, 1.25571e-11, 1.25571e-11, 1.19625e-11, 1.19625e-11
2.27510e+03, 1.06283e-11, 1.06283e-11, 1.28038e-11, 1.28038e-11, 1.21975e-11, 1.21975e-11
2.34963e+03, 1.08371e-11, 1.08371e-11, 1.30555e-11, 1.30555e-11, 1.24372e-11, 1.24372e-11
2.42661e+03, 1.10502e-11, 1.10502e-11, 1.33122e-11, 1.33122e-11, 1.26818e-11, 1.26818e-11
2.50611e+03, 1.12677e-11, 1.12677e-11, 1.35741e-11, 1.35741e-11, 1.29314e-11, 1.29314e-11
2.58821e+03, 1.14897e-11, 1.14897e-11, 1.38416e-11, 1.38416e-11, 1.31862e-11, 1.31862e-11
2.67301e+03, 1.17165e-11, 1.17165e-11, 1.41149e-11, 1.41149e-11, 1.34465e-11, 1.34465e-11
2.76058e+03, 1.19484e-11, 1.19484e-11, 1.43942e-11, 1.43942e-11, 1.37126e-11, 1.37126e-11
2.85102e+03, 1.21857e-11, 1.21857e-11, 1.46800e-11, 1.46800e-11, 1.39849e-11, 1.39849e-11
2.94442e+03, 1.24286e-11, 1.24286e-11, 1.49727e-11, 1.49727e-11, 1.42636e-11, 1.42636e-11
3.04089e+03, 1.26773e-11, 1.26773e-11, 1.52723e-11, 1.52723e-11, 1.45491e-11, 1.45491e-11
3.14051e+03, 1.29321e-11, 1.29321e-11, 1.55793e-11, 1.55793e-11, 1.48416e-11, 1.48416e-11
3.24340e+03, 1.31933e-11, 1.31933e-11, 1.58940e-11, 1.58940e-11, 1.51413e-11, 1.51413e-11
3.34965e+03, 1.34611e-11, 1.34611e-11, 1.62166e-11, 1.62166e-11, 1.54487e-11, 1.54487e-11
3.45939e+03, 1.37359e-11, 1.37359e-11, 1.65476e-11, 1.65476e-11, 1.57640e-11, 1.57640e-11
3.57273e+03, 1.40179e-11, 1.40179e-11, 1.68873e-11, 1.68873e-11, 1.60877e-11, 1.60877e-11
3.68978e+03, 1.43076e-11, 1.43076e-11, 1.72363e-11, 1.72363e-11, 1.64201e-11, 1.64201e-11
3.81066e+03, 1.46052e-11, 1.46052e-11, 1.75948e-11, 1.75948e-11, 1.67617e-11, 1.67617e-11
3.93550e+03, 1.49109e-11, 1.49109e-11, 1.79632e-11, 1.79632e-11, 1.71125e-11, 1.71125e-11
4.06443e+03, 1.52251e-11, 1.52251e-11, 1.83416e-11, 1.83416e-11, 1.74731e-11, 1.74731e-11
4.19759e+03, 1.55479e-11, 1.55479e-11, 1.87306e-11, 1.87306e-11, 1.78436e-11, 1.78436e-11
4.33511e+03, 1.58798e-11, 1.58798e-11, 1.91304e-11, 1.91304e-11, 1.82245e-11, 1.82245e-11
4.47713e+03, 1.62210e-11, 1.62210e-11, 1.95414e-11, 1.95414e-11, 1.86160e-11, 1.86160e-11
4.62381e+03, 1.65718e-11, 1.65718e-11, 1.99640e-11, 1.99640e-11, 1.90186e-11, 1.90186e-11
4.77529e+03, 1.69320e-11, 1.69320e-11, 2.03980e-11, 2.03980e-11, 1.94321e-11, 1.94321e-11
4.93174e+03, 1.73016e-11, 1.73016e-11, 2.08432e-11, 2.08432e-11, 1.98562e-11, 1.98562e-11
5.09331e+03, 1.76800e-11, 1.76800e-11, 2.12991e-11, 2.12991e-11, 2.02905e-11, 2.02905e-11
5.26017e+03, 1.80670e-11, 1.80670e-11, 2.17653e-11, 2.17653e-11, 2.07346e-11, 2.07346e-11
5.43250e+03, 1.84619e-11, 1.84619e-11, 2.22411e-11, 2.22411e-11, 2.11879e-11, 2.11879e-11
5.61048e+03, 1.88642e-11, 1.88642e-11, 2.27257e-11, 2.27257e-11, 2.16495e-11, 2.16495e-11
5.79429e+03, 1.92731e-11, 1.92731e-11, 2.32183e-11, 2.32183e-11, 2.21188e-11, 2.21188e-11
5.98412e+03, 1.96884e-11, 1.96884e-11, 2.37185e-11, 2.37185e-11, 2.25954e-11, 2.25954e-11
6.18016e+03, 2.01099e-11, 2.01099e-11, 2.42264e-11, 2.42264e-11, 2.30792e-11, 2.30792e-11
6.38263e+03, 2.05377e-11, 2.05377e-11, 2.47417e-11, 2.47417e-11, 2.35701e-11, 2.35701e-11
6.59174e+03, 2.09716e-11, 2.09716e-11, 2.52644e-11, 2.52644e-11, 2.40681e-11, 2.40681e-11
6.80769e+03, 2.14115e-11, 2.14115e-11, 2.57944e-11, 2.57944e-11, 2.45729e-11, 2.45729e-11
7.03072e+03, 2.18574e-11, 2.18574e-11, 2.63315e-11, 2.63315e-11, 2.50846e-11, 2.50846e-11
7.26106e+03, 2.23090e-11, 2.23090e-11, 2.68757e-11, 2.68757e-11, 2.56030e-11, 2.56030e-11
7.49894e+03, 2.27665e-11, 2.27665e-11, 2.74268e-11, 2.74268e-11, 2.61280e-11, 2.61280e-11
7.74462e+03, 2.32297e-11, 2.32297e-11, 2.79848e-11, 2.79848e-11, 2.66596e-11, 2.66596e-11
7.99834e+03, 2.36987e-11, 2.36987e-11, 2.85497e-11, 2.85497e-11, 2.71978e-11, 2.71978e-11
8.26038e+03, 2.41733e-11, 2.41733e-11, 2.91215e-11, 2.91215e-11, 2.77425e-11, 2.77425e-11
8.53100e+03, 2.46537e-11, 2.46537e-11, 2.97003e-11, 2.97003e-11, 2.82939e-11, 2.82939e-11
8.81049e+03, 2.51400e-11, 2.51400e-11, 3.02861e-11, 3.02861e-11, 2.88519e-11, 2.88519e-11
9.09913e+03, 2.56322e-11, 2.56322e-11, 3.08791e-11, 3.08791e-11, 2.94169e-11, 2.94169e-11
9.39723e+03, 2.61305e-11, 2.61305e-11, 3.14794e-11, 3.14794e-11, 2.99887e-11, 2.99887e-11
9.70510e+03, 2.66348e-11, 2.66348e-11, 3.20869e-11, 3.20869e-11, 3.05674e-11, 3.05674e-11
1.00231e+04, 2.71451e-11, 2.71451e-11, 3.27017e-11, 3.27017e-11, 3.11531e-11, 3.11531e-11
1.03514e+04, 2.76616e-11, 2.76616e-11, 3.33239e-11, 3.33239e-11, 3.17459e-11, 3.17459e-11
1.06905e+04, 2.81843e-11, 2.81843e-11, 3.39536e-11, 3.39536e-11, 3.23457e-11, 3.23457e-11
1.10408e+04, 2.87134e-11, 2.87134e-11, 3.45910e-11, 3.45910e-11, 3.29530e-11, 3.29530e-11
1.14025e+04, 2.92493e-11, 2.92493e-11, 3.52365e-11, 3.52365e-11, 3.35680e-11, 3.35680e-11
1.17761e+04, 2.97921e-11, 2.97921e-11, 3.58905e-11, 3.58905e-11, 3.41910e-11, 3.41910e-11
1.21619e+04, 3.03423e-11, 3.03423e-11, 3.65534e-11, 3.65534e-11, 3.48224e-11, 3.48224e-11
1.25603e+04, 3.09004e-11, 3.09004e-11, 3.72257e-11, 3.72257e-11, 3.54629e-11, 3.54629e-11
1.29718e+04, 3.14669e-11, 3.14669e-11, 3.79081e-11, 3.79081e-11, 3.61131e-11, 3.61131e-11
1.33968e+04, 3.20427e-11, 3.20427e-11, 3.86017e-11, 3.86017e-11, 3.67738e-11, 3.67738e-11
1.38357e+04, 3.26285e-11, 3.26285e-11, 3.93075e-11, 3.93075e-11, 3.74461e-11, 3.74461e-11
1.42889e+04, 3.32255e-11, 3.32255e-11, 4.00267e-11, 4.00267e-11, 3.81313e-11, 3.81313e-11
1.47571e+04, 3.38345e-11, 3.38345e-11, 4.07604e-11, 4.07604e-11, 3.88302e-11, 3.88302e-11
1.52405e+04, 3.44552e-11, 3.44552e-11, 4.15081e-11, 4.15081e-11, 3.95425e-11, 3.95425e-11
1.57398e+04, 3.50873e-11, 3.50873e-11, 4.22696e-11, 4.22696e-11, 4.02680e-11, 4.02680e-11
1.62555e+04, 3.57305e-11, 3.57305e-11, 4.30444e-11, 4.30444e-11, 4.10061e-11, 4.10061e-11
1.67880e+04, 3.63842e-11, 3.63842e-11, 4.38320e-11, 4.38320e-11, 4.17564e-11, 4.17564e-11
1.73380e+04, 3.70481e-11, 3.70481e-11, 4.46317e-11, 4.46317e-11, 4.25182e-11, 4.25182e-11
1.79061e+04, 3.77213e-11, 3.77213e-11, 4.54428e-11, 4.54428e-11, 4.32909e-11, 4.32909e-11
1.84927e+04, 3.84036e-11, 3.84036e-11, 4.62648e-11, 4.62648e-11, 4.40740e-11, 4.40740e-11
1.90985e+04, 3.90951e-11, 3.90951e-11, 4.70977e-11, 4.70977e-11, 4.48675e-11, 4.48675e-11
1.97242e+04, 3.97959e-11, 3.97959e-11, 4.79420e-11, 4.79420e-11, 4.56718e-11, 4.56718e-11
2.03704e+04, 4.05066e-11, 4.05066e-11, 4.87982e-11, 4.87982e-11, 4.64874e-11, 4.64874e-11
2.10378e+04, 4.12276e-11, 4.12276e-11, 4.96668e-11, 4.96668e-11, 4.73149e-11, 4.73149e-11
2.17270e+04, 4.19596e-11, 4.19596e-11, 5.05486e-11, 5.05486e-11, 4.81549e-11, 4.81549e-11
2.24388e+04, 4.27033e-11, 4.27033e-11, 5.14446e-11, 5.14446e-11, 4.90085e-11, 4.90085e-11
2.31739e+04, 4.34595e-11, 4.34595e-11, 5.23556e-11, 5.23556e-11, 4.98764e-11, 4.98764e-11
2.39332e+04, 4.42284e-11, 4.42284e-11, 5.32818e-11, 5.32818e-11, 5.07587e-11, 5.07587e-11
2.47172e+04, 4.50096e-11, 4.50096e-11, 5.42230e-11, 5.42230e-11, 5.16553e-11, 5.16553e-11
2.55270e+04, 4.58032e-11, 4.58032e-11, 5.51790e-11, 5.51790e-11, 5.25661e-11, 5.25661e-11
2.63633e+04, 4.66089e-11, 4.66089e-11, 5.61497e-11, 5.61497e-11, 5.34908e-11, 5.34908e-11
2.72270e+04, 4.74268e-11, 4.74268e-11, 5.71349e-11, 5.71349e-11, 5.44294e-11, 5.44294e-11
2.81190e+04, 4.82565e-11, 4.82565e-11, 5.81345e-11, 5.81345e-11, 5.53816e-11, 5.53816e-11
2.90402e+04, 4.90981e-11, 4.90981e-11, 5.91484e-11, 5.91484e-11, 5.63475e-11, 5.63475e-11
2.99916e+04, 4.99520e-11, 4.99520e-11, 6.01770e-11, 6.01770e-11, 5.73274e-11, 5.73274e-11
3.09742e+04, 5.08186e-11, 5.08186e-11, 6.12211e-11, 6.12211e-11, 5.83220e-11, 5.83220e-11
3.19890e+04, 5.16988e-11, 5.16988e-11, 6.22815e-11, 6.22815e-11, 5.93322e-11, 5.93322e-11
3.30370e+04, 5.25935e-11, 5.25935e-11, 6.33593e-11, 6.33593e-11, 6.03590e-11, 6.03590e-11
3.41193e+04, 5.35039e-11, 5.35039e-11, 6.44560e-11, 6.44560e-11, 6.14038e-11, 6.14038e-11
3.52371e+04, 5.44312e-11, 5.44312e-11, 6.55732e-11, 6.55732e-11, 6.24681e-11, 6.24681e-11
3.63915e+04, 5.53771e-11, 5.53771e-11, 6.67127e-11, 6.67127e-11, 6.35536e-11, 6.35536e-11
3.75837e+04, 5.63416e-11, 5.63416e-11, 6.78747e-11, 6.78747e-11, 6.46605e-11, 6.46605e-11
3.88150e+04, 5.73243e-11, 5.73243e-11, 6.90584e-11, 6.90584e-11, 6.57882e-11, 6.57882e-11
4.00867e+04, 5.83242e-11, 5.83242e-11, 7.02630e-11, 7.02630e-11, 6.69358e-11, 6.69358e-11
4.14000e+04, 5.93406e-11, 5.93406e-11, 7.14875e-11, 7.14875e-11, 6.81023e-11, 6.81023e-11
4.27563e+04, 6.03723e-11, 6.03723e-11, 7.27304e-11, 7.27304e-11, 6.92863e-11, 6.92863e-11
4.41570e+04, 6.14181e-11, 6.14181e-11, 7.39903e-11, 7.39903e-11, 7.04866e-11, 7.04866e-11
4.56037e+04, 6.24767e-11, 6.24767e-11, 7.52655e-11, 7.52655e-11, 7.17014e-11, 7.17014e-11
4.70977e+04, 6.35476e-11, 6.35476e-11, 7.65557e-11, 7.65557e-11, 7.29305e-11, 7.29305e-11
4.86407e+04, 6.46317e-11, 6.46317e-11, 7.78617e-11, 7.78617e-11, 7.41747e-11, 7.41747e-11
5.02343e+04, 6.57299e-11, 6.57299e-11, 7.91847e-11, 7.91847e-11, 7.54350e-11, 7.54350e-11
5.18800e+04, 6.68434e-11, 6.68434e-11, 8.05261e-11, 8.05261e-11, 7.67129e-11, 7.67129e-11
5.35797e+04, 6.79738e-11, 6.79738e-11, 8.18879e-11, 8.18879e-11, 7.80102e-11, 7.80102e-11
5.53350e+04, 6.91229e-11, 6.91229e-11, 8.32722e-11, 8.32722e-11, 7.93290e-11, 7.93290e-11
5.71479e+04, 7.02930e-11, 7.02930e-11, 8.46819e-11, 8.46819e-11, 8.06718e-11, 8.06718e-11
5.90201e+04, 7.14858e-11, 7.14858e-11, 8.61188e-11, 8.61188e-11, 8.20408e-11, 8.20408e-11
6.09537e+04, 7.27021e-11, 7.27021e-11, 8.75841e-11, 8.75841e-11, 8.34367e-11, 8.34367e-11
6.29506e+04, 7.39429e-11, 7.39429e-11, 8.90789e-11, 8.90789e-11, 8.48607e-11, 8.48607e-11
6.50130e+04, 7.52093e-11, 7.52093e-11, 9.06045e-11, 9.06045e-11, 8.63141e-11, 8.63141e-11
6.71429e+04, 7.65026e-11, 7.65026e-11, 9.21626e-11, 9.21626e-11, 8.77983e-11, 8.77983e-11
6.93426e+04, 7.78244e-11, 7.78244e-11, 9.37549e-11, 9.37549e-11, 8.93152e-11, 8.93152e-11
7.16143e+04, 7.91763e-11, 7.91763e-11, 9.53835e-11, 9.53835e-11, 9.08668e-11, 9.08668e-11
7.39605e+04, 8.05593e-11, 8.05593e-11, 9.70497e-11, 9.70497e-11, 9.24540e-11, 9.24540e-11
7.63836e+04, 8.19728e-11, 8.19728e-11, 9.87524e-11, 9.87524e-11, 9.40761e-11, 9.40761e-11
7.88860e+04, 8.34155e-11, 8.34155e-11, 1.00490e-10, 1.00490e-10, 9.57319e-11, 9.57319e-11
8.14704e+04, 8.48861e-11, 8.48861e-11, 1.02262e-10, 1.02262e-10, 9.74196e-11, 9.74196e-11
8.41395e+04, 8.63829e-11, 8.63829e-11, 1.04065e-10, 1.04065e-10, 9.91374e-11, 9.91374e-11
8.68960e+04, 8.79037e-11, 8.79037e-11, 1.05897e-10, 1.05897e-10, 1.00883e-10, 1.00883e-10
8.97429e+04, 8.94461e-11, 8.94461e-11, 1.07756e-10, 1.07756e-10, 1.02653e-10, 1.02653e-10
9.26830e+04, 9.10082e-11, 9.10082e-11, 1.09637e-10, 1.09637e-10, 1.04446e-10, 1.04446e-10
9.57194e+04, 9.25899e-11, 9.25899e-11, 1.11543e-10, 1.11543e-10, 1.06261e-10, 1.06261e-10
9.88553e+04, 9.41917e-11, 9.41917e-11, 1.13473e-10, 1.13473e-10, 1.08099e-10, 1.08099e-10
1.02094e+05, 9.58142e-11, 9.58142e-11, 1.15427e-10, 1.15427e-10, 1.09961e-10, 1.09961e-10
1.05439e+05, 9.74582e-11, 9.74582e-11, 1.17408e-10, 1.17408e-10, 1.11848e-10, 1.11848e-10
1.08893e+05, 9.91250e-11, 9.91250e-11, 1.19416e-10, 1.19416e-10, 1.13761e-10, 1.13761e-10
1.12460e+05, 1.00816e-10, 1.00816e-10, 1.21453e-10, 1.21453e-10, 1.15701e-10, 1.15701e-10
1.16145e+05, 1.02532e-10, 1.02532e-10, 1.23520e-10, 1.23520e-10, 1.17671e-10, 1.17671e-10
1.19950e+05, 1.04275e-10, 1.04275e-10, 1.25620e-10, 1.25620e-10, 1.19672e-10, 1.19672e-10
1.23880e+05, 1.06046e-10, 1.06046e-10, 1.27753e-10, 1.27753e-10, 1.21703e-10, 1.21703e-10
1.27938e+05, 1.07844e-10, 1.07844e-10, 1.29920e-10, 1.29920e-10, 1.23768e-10, 1.23768e-10
1.32130e+05, 1.09673e-10, 1.09673e-10, 1.32122e-10, 1.32122e-10, 1.25866e-10, 1.25866e-10
1.36458e+05, 1.11532e-10, 1.11532e-10, 1.34363e-10, 1.34363e-10, 1.28000e-10, 1.28000e-10
1.40929e+05, 1.13425e-10, 1.13425e-10, 1.36643e-10, 1.36643e-10, 1.30173e-10, 1.30173e-10
1.45546e+05, 1.15354e-10, 1.15354e-10, 1.38966e-10, 1.38966e-10, 1.32386e-10, 1.32386e-10
1.50314e+05, 1.17318e-10, 1.17318e-10, 1.41333e-10, 1.41333e-10, 1.34640e-10, 1.34640e-10
1.55239e+05, 1.19318e-10, 1.19318e-10, 1.43742e-10, 1.43742e-10, 1.36936e-10, 1.36936e-10
1.60325e+05, 1.21354e-10, 1.21354e-10, 1.46195e-10, 1.46195e-10, 1.39272e-10, 1.39272e-10
1.65577e+05, 1.23426e-10, 1.23426e-10, 1.48691e-10, 1.48691e-10, 1.41650e-10, 1.41650e-10
1.71002e+05, 1.25533e-10, 1.25533e-10, 1.51230e-10, 1.51230e-10, 1.44068e-10, 1.44068e-10
1.76604e+05, 1.27676e-10, 1.27676e-10, 1.53811e-10, 1.53811e-10, 1.46528e-10, 1.46528e-10
1.82390e+05, 1.29855e-10, 1.29855e-10, 1.56436e-10, 1.56436e-10, 1.49028e-10, 1.49028e-10
1.88365e+05, 1.32068e-10, 1.32068e-10, 1.59102e-10, 1.59102e-10, 1.51568e-10, 1.51568e-10
1.94536e+05, 1.34315e-10, 1.34315e-10, 1.61809e-10, 1.61809e-10, 1.54147e-10, 1.54147e-10
2.00909e+05, 1.36595e-10, 1.36595e-10, 1.64556e-10, 1.64556e-10, 1.56764e-10, 1.56764e-10
2.07491e+05, 1.38907e-10, 1.38907e-10, 1.67341e-10, 1.67341e-10, 1.59417e-10, 1.59417e-10
2.14289e+05, 1.41250e-10, 1.41250e-10, 1.70163e-10, 1.70163e-10, 1.62105e-10, 1.62105e-10
2.21309e+05, 1.43621e-10, 1.43621e-10, 1.73020e-10, 1.73020e-10, 1.64827e-10, 1.64827e-10
2.28560e+05, 1.46020e-10, 1.46020e-10, 1.75910e-10, 1.75910e-10, 1.67580e-10, 1.67580e-10
2.36048e+05, 1.48447e-10, 1.48447e-10, 1.78834e-10, 1.78834e-10, 1.70365e-10, 1.70365e-10
2.43781e+05, 1.50902e-10, 1.50902e-10, 1.81792e-10, 1.81792e-10, 1.73183e-10, 1.73183e-10
2.51768e+05, 1.53388e-10, 1.53388e-10, 1.84786e-10, 1.84786e-10, 1.76036e-10, 1.76036e-10
2.60016e+05, 1.55906e-10, 1.55906e-10, 1.87820e-10, 1.87820e-10, 1.78926e-10, 1.78926e-10
2.68534e+05, 1.58460e-10, 1.58460e-10, 1.90896e-10, 1.90896e-10, 1.81856e-10, 1.81856e-10
2.77332e+05, 1.61052e-10, 1.61052e-10, 1.94019e-10, 1.94019e-10, 1.84831e-10, 1.84831e-10
2.86418e+05, 1.63687e-10, 1.63687e-10, 1.97193e-10, 1.97193e-10, 1.87856e-10, 1.87856e-10
2.95801e+05, 1.66368e-10, 1.66368e-10, 2.00423e-10, 2.00423e-10, 1.90932e-10, 1.90932e-10
3.05492e+05, 1.69095e-10, 1.69095e-10, 2.03709e-10, 2.03709e-10, 1.94062e-10, 1.94062e-10
3.15500e+05, 1.71870e-10, 1.71870e-10, 2.07052e-10, 2.07052e-10, 1.97247e-10, 1.97247e-10
3.25837e+05, 1.74694e-10, 1.74694e-10, 2.10453e-10, 2.10453e-10, 2.00487e-10, 2.00487e-10
3.36512e+05, 1.77567e-10, 1.77567e-10, 2.13915e-10, 2.13915e-10, 2.03785e-10, 2.03785e-10
3.47536e+05, 1.80493e-10, 1.80493e-10, 2.17439e-10, 2.17439e-10, 2.07142e-10, 2.07142e-10
3.58922e+05, 1.83472e-10, 1.83472e-10, 2.21028e-10, 2.21028e-10, 2.10561e-10, 2.10561e-10
3.70681e+05, 1.86505e-10, 1.86505e-10, 2.24682e-10, 2.24682e-10, 2.14043e-10, 2.14043e-10
3.82825e+05, 1.89591e-10, 1.89591e-10, 2.28400e-10, 2.28400e-10, 2.17585e-10, 2.17585e-10
3.95367e+05, 1.92728e-10, 1.92728e-10, 2.32179e-10, 2.32179e-10, 2.21184e-10, 2.21184e-10
4.08319e+05, 1.95912e-10, 1.95912e-10, 2.36015e-10, 2.36015e-10, 2.24839e-10, 2.24839e-10
4.21697e+05, 1.99141e-10, 1.99141e-10, 2.39905e-10, 2.39905e-10, 2.28544e-10, 2.28544e-10
4.35512e+05, 2.02410e-10, 2.02410e-10, 2.43843e-10, 2.43843e-10, 2.32296e-10, 2.32296e-10
4.49780e+05, 2.05716e-10, 2.05716e-10, 2.47825e-10, 2.47825e-10, 2.36090e-10, 2.36090e-10
4.64515e+05, 2.09055e-10, 2.09055e-10, 2.51848e-10, 2.51848e-10, 2.39922e-10, 2.39922e-10
4.79733e+05, 2.12430e-10, 2.12430e-10, 2.55914e-10, 2.55914e-10, 2.43796e-10, 2.43796e-10
4.95450e+05, 2.15846e-10, 2.15846e-10, 2.60029e-10, 2.60029e-10, 2.47715e-10, 2.47715e-10
5.11682e+05, 2.19306e-10, 2.19306e-10, 2.64197e-10, 2.64197e-10, 2.51687e-10, 2.51687e-10
5.28445e+05, 2.22818e-10, 2.22818e-10, 2.68428e-10, 2.68428e-10, 2.55717e-10, 2.55717e-10
5.45758e+05, 2.26389e-10, 2.26389e-10, 2.72731e-10, 2.72731e-10, 2.59816e-10, 2.59816e-10
5.63638e+05, 2.30029e-10, 2.30029e-10, 2.77116e-10, 2.77116e-10, 2.63994e-10, 2.63994e-10
5.82103e+05, 2.33747e-10, 2.33747e-10, 2.81595e-10, 2.81595e-10, 2.68260e-10, 2.68260e-10
6.01174e+05, 2.37543e-10, 2.37543e-10, 2.86167e-10, 2.86167e-10, 2.72616e-10, 2.72616e-10
6.20869e+05, 2.41414e-10, 2.41414e-10, 2.90831e-10, 2.90831e-10, 2.77059e-10, 2.77059e-10
6.41210e+05, 2.45359e-10, 2.45359e-10, 2.95584e-10, 2.95584e-10, 2.81587e-10, 2.81587e-10
6.62217e+05, 2.49375e-10, 2.49375e-10, 3.00421e-10, 3.00421e-10, 2.86195e-10, 2.86195e-10
6.83912e+05, 2.53457e-10, 2.53457e-10, 3.05339e-10, 3.05339e-10, 2.90880e-10, 2.90880e-10
7.06318e+05, 2.57601e-10, 2.57601e-10, 3.10332e-10, 3.10332e-10, 2.95636e-10, 2.95636e-10
7.29458e+05, 2.61804e-10, 2.61804e-10, 3.15395e-10, 3.15395e-10, 3.00459e-10, 3.00459e-10
7.53356e+05, 2.66062e-10, 2.66062e-10, 3.20525e-10, 3.20525e-10, 3.05347e-10, 3.05347e-10
7.78037e+05, 2.70376e-10, 2.70376e-10, 3.25722e-10, 3.25722e-10, 3.10297e-10, 3.10297e-10
8.03526e+05, 2.74744e-10, 2.74744e-10, 3.30983e-10, 3.30983e-10, 3.15310e-10, 3.15310e-10
8.29851e+05, 2.79165e-10, 2.79165e-10, 3.36310e-10, 3.36310e-10, 3.20384e-10, 3.20384e-10
8.57038e+05, 2.83639e-10, 2.83639e-10, 3.41699e-10, 3.41699e-10, 3.25519e-10, 3.25519e-10
8.85116e+05, 2.88165e-10, 2.88165e-10, 3.47152e-10, 3.47152e-10, 3.30713e-10, 3.30713e-10
9.14113e+05, 2.92743e-10, 2.92743e-10, 3.52667e-10, 3.52667e-10, 3.35967e-10, 3.35967e-10
9.44061e+05, 2.97373e-10, 2.97373e-10, 3.58244e-10, 3.58244e-10, 3.41280e-10, 3.41280e-10
9.74990e+05, 3.02052e-10, 3.02052e-10, 3.63882e-10, 3.63882e-10, 3.46651e-10, 3.46651e-10
1.00693e+06, 3.06782e-10, 3.06782e-10, 3.69580e-10, 3.69580e-10, 3.52079e-10, 3.52079e-10
1.03992e+06, 3.11562e-10, 3.11562e-10, 3.75338e-10, 3.75338e-10, 3.57564e-10, 3.57564e-10
1.07399e+06, 3.16391e-10, 3.16391e-10, 3.81156e-10, 3.81156e-10, 3.63106e-10, 3.63106e-10
1.10917e+06, 3.21271e-10, 3.21271e-10, 3.87034e-10, 3.87034e-10, 3.68707e-10, 3.68707e-10
1.14551e+06, 3.26202e-10, 3.26202e-10, 3.92975e-10, 3.92975e-10, 3.74366e-10, 3.74366e-10
1.18304e+06, 3.31187e-10, 3.31187e-10, 3.98980e-10, 3.98980e-10, 3.80087e-10, 3.80087e-10
1.22180e+06, 3.36225e-10, 3.36225e-10, 4.05050e-10, 4.05050e-10, 3.85869e-10, 3.85869e-10
1.26183e+06, 3.41321e-10, 3.41321e-10, 4.11188e-10, 4.11188e-10, 3.91717e-10, 3.91717e-10
1.30317e+06, 3.46475e-10, 3.46475e-10, 4.17398e-10, 4.17398e-10, 3.97633e-10, 3.97633e-10
1.34586e+06, 3.51693e-10, 3.51693e-10, 4.23684e-10, 4.23684e-10, 4.03621e-10, 4.03621e-10
1.38995e+06, 3.56980e-10, 3.56980e-10, 4.30054e-10, 4.30054e-10, 4.09689e-10, 4.09689e-10
1.43549e+06, 3.62343e-10, 3.62343e-10, 4.36514e-10, 4.36514e-10, 4.15843e-10, 4.15843e-10
1.48252e+06, 3.67785e-10, 3.67785e-10, 4.43070e-10, 4.43070e-10, 4.22089e-10, 4.22089e-10
1.53109e+06, 3.73311e-10, 3.73311e-10, 4.49727e-10, 4.49727e-10, 4.28430e-10, 4.28430e-10
1.58125e+06, 3.78921e-10, 3.78921e-10, 4.56486e-10, 4.56486e-10, 4.34870e-10, 4.34870e-10
1.63305e+06, 3.84622e-10, 3.84622e-10, 4.63353e-10, 4.63353e-10, 4.41411e-10, 4.41411e-10
1.68655e+06, 3.90416e-10, 3.90416e-10, 4.70333e-10, 4.70333e-10, 4.48061e-10, 4.48061e-10
1.74181e+06, 3.96310e-10, 3.96310e-10, 4.77433e-10, 4.77433e-10, 4.54825e-10, 4.54825e-10
1.79887e+06, 4.02310e-10, 4.02310e-10, 4.84662e-10, 4.84662e-10, 4.61712e-10, 4.61712e-10
1.85780e+06, 4.08423e-10, 4.08423e-10, 4.92026e-10, 4.92026e-10, 4.68727e-10, 4.68727e-10
1.91867e+06, 4.14647e-10, 4.14647e-10, 4.99525e-10, 4.99525e-10, 4.75870e-10, 4.75870e-10
1.98153e+06, 4.20984e-10, 4.20984e-10, 5.07159e-10, 5.07159e-10, 4.83143e-10, 4.83143e-10
2.04644e+06, 4.27434e-10, 4.27434e-10, 5.14929e-10, 5.14929e-10, 4.90545e-10, 4.90545e-10
2.11349e+06, 4.33997e-10, 4.33997e-10, 5.22835e-10, 5.22835e-10, 4.98077e-10, 4.98077e-10
2.18273e+06, 4.40673e-10, 4.40673e-10, 5.30878e-10, 5.30878e-10, 5.05739e-10, 5.05739e-10
2.25424e+06, 4.47463e-10, 4.47463e-10, 5.39058e-10, 5.39058e-10, 5.13532e-10, 5.13532e-10
2.32809e+06, 4.54368e-10, 4.54368e-10, 5.47377e-10, 5.47377e-10, 5.21456e-10, 5.21456e-10
2.40436e+06, 4.61389e-10, 4.61389e-10, 5.55834e-10, 5.55834e-10, 5.29513e-10, 5.29513e-10
2.48313e+06, 4.68526e-10, 4.68526e-10, 5.64432e-10, 5.64432e-10, 5.37704e-10, 5.37704e-10
2.56448e+06, 4.75781e-10, 4.75781e-10, 5.73173e-10, 5.73173e-10, 5.46031e-10, 5.46031e-10
2.64850e+06, 4.83157e-10, 4.83157e-10, 5.82058e-10, 5.82058e-10, 5.54496e-10, 5.54496e-10
2.73527e+06, 4.90656e-10, 4.90656e-10, 5.91092e-10, 5.91092e-10, 5.63102e-10, 5.63102e-10
2.82488e+06, 4.98280e-10, 4.98280e-10, 6.00277e-10, 6.00277e-10, 5.71852e-10, 5.71852e-10
2.91743e+06, 5.06034e-10, 5.06034e-10, 6.09619e-10, 6.09619e-10, 5.80751e-10, 5.80751e-10
3.01301e+06, 5.13919e-10, 5.13919e-10, 6.19117e-10, 6.19117e-10, 5.89800e-10, 5.89800e-10
3.11172e+06, 5.21936e-10, 5.21936e-10, 6.28775e-10, 6.28775e-10, 5.99000e-10, 5.99000e-10
3.21366e+06, 5.30087e-10, 5.30087e-10, 6.38594e-10, 6.38594e-10, 6.08354e-10, 6.08354e-10
3.31894e+06, 5.38374e-10, 5.38374e-10, 6.48578e-10, 6.48578e-10, 6.17865e-10, 6.17865e-10
3.42768e+06, 5.46800e-10, 5.46800e-10, 6.58729e-10, 6.58729e-10, 6.27535e-10, 6.27535e-10
3.53997e+06, 5.55368e-10, 5.55368e-10, 6.69051e-10, 6.69051e-10, 6.37369e-10, 6.37369e-10
3.65595e+06, 5.64083e-10, 5.64083e-10, 6.79550e-10, 6.79550e-10, 6.47370e-10, 6.47370e-10
3.77572e+06, 5.72941e-10, 5.72941e-10, 6.90221e-10, 6.90221e-10, 6.57536e-10, 6.57536e-10
3.89942e+06, 5.81937e-10, 5.81937e-10, 7.01058e-10, 7.01058e-10, 6.67860e-10, 6.67860e-10
4.02717e+06, 5.91065e-10, 5.91065e-10, 7.12055e-10, 7.12055e-10, 6.78336e-10, 6.78336e-10
4.15911e+06, 6.00319e-10, 6.00319e-10, 7.23203e-10, 7.23203e-10, 6.88956e-10, 6.88956e-10
4.29536e+06, 6.09690e-10, 6.09690e-10, 7.34492e-10, 7.34492e-10, 6.99711e-10, 6.99711e-10
4.43609e+06, 6.19169e-10, 6.19169e-10, 7.45912e-10, 7.45912e-10, 7.10590e-10, 7.10590e-10
4.58142e+06, 6.28748e-10, 6.28748e-10, 7.57451e-10, 7.57451e-10, 7.21583e-10, 7.21583e-10
4.73151e+06, 6.38417e-10, 6.38417e-10, 7.69099e-10, 7.69099e-10, 7.32680e-10, 7.32680e-10
4.88652e+06, 6.48169e-10, 6.48169e-10, 7.80848e-10, 7.80848e-10, 7.43872e-10, 7.43872e-10
5.04661e+06, 6.57998e-10, 6.57998e-10, 7.92688e-10, 7.92688e-10, 7.55151e-10, 7.55151e-10
5.21195e+06, 6.67893e-10, 6.67893e-10, 8.04610e-10, 8.04610e-10, 7.66508e-10, 7.66508e-10
5.38270e+06, 6.77848e-10, 6.77848e-10, 8.16602e-10, 8.16602e-10, 7.77933e-10, 7.77933e-10
5.55904e+06, 6.87853e-10, 6.87853e-10, 8.28655e-10, 8.28655e-10, 7.89415e-10, 7.89415e-10
5.74116e+06, 6.97898e-10, 6.97898e-10, 8.40756e-10, 8.40756e-10, 8.00943e-10, 8.00943e-10
5.92925e+06, 7.07978e-10, 7.07978e-10, 8.52899e-10, 8.52899e-10, 8.12511e-10, 8.12511e-10
6.12350e+06, 7.18087e-10, 7.18087e-10, 8.65077e-10, 8.65077e-10, 8.24113e-10, 8.24113e-10
6.32412e+06, 7.28221e-10, 7.28221e-10, 8.77287e-10, 8.77287e-10, 8.35744e-10, 8.35744e-10
6.53131e+06, 7.38379e-10, 7.38379e-10, 8.89524e-10, 8.89524e-10, 8.47401e-10, 8.47401e-10
6.74528e+06, 7.48559e-10, 7.48559e-10, 9.01787e-10, 9.01787e-10, 8.59084e-10, 8.59084e-10
6.96627e+06, 7.58761e-10, 7.58761e-10, 9.14077e-10, 9.14077e-10, 8.70792e-10, 8.70792e-10
7.19449e+06, 7.68988e-10, 7.68988e-10, 9.26398e-10, 9.26398e-10, 8.82529e-10, 8.82529e-10
7.43019e+06, 7.79242e-10, 7.79242e-10, 9.38751e-10, 9.38751e-10, 8.94298e-10, 8.94298e-10
7.67361e+06, 7.89525e-10, 7.89525e-10, 9.51139e-10, 9.51139e-10, 9.06099e-10, 9.06099e-10
7.92501e+06, 7.99841e-10, 7.99841e-10, 9.63567e-10, 9.63567e-10, 9.17939e-10, 9.17939e-10
8.18465e+06, 8.10198e-10, 8.10198e-10, 9.76043e-10, 9.76043e-10, 9.29824e-10, 9.29824e-10
8.45279e+06, 8.20604e-10, 8.20604e-10, 9.88580e-10, 9.88580e-10, 9.41767e-10, 9.41767e-10
8.72971e+06, 8.31074e-10, 8.31074e-10, 1.00119e-09, 1.00119e-09, 9.53783e-10, 9.53783e-10
9.01571e+06, 8.41626e-10, 8.41626e-10, 1.01390e-09, 1.01390e-09, 9.65892e-10, 9.65892e-10
9.31108e+06, 8.52271e-10, 8.52271e-10, 1.02673e-09, 1.02673e-09, 9.78110e-10, 9.78110e-10
9.61612e+06, 8.63008e-10, 8.63008e-10, 1.03966e-09, 1.03966e-09, 9.90432e-10, 9.90432e-10
9.93116e+06, 8.73834e-10, 8.73834e-10, 1.05271e-09, 1.05271e-09, 1.00286e-09, 1.00286e-09
1.02565e+07, 8.84748e-10, 8.84748e-10, 1.06585e-09, 1.06585e-09, 1.01538e-09, 1.01538e-09
1.05925e+07, 8.95747e-10, 8.95747e-10, 1.07911e-09, 1.07911e-09, 1.02801e-09, 1.02801e-09
1.09396e+07, 9.06833e-10, 9.06833e-10, 1.09246e-09, 1.09246e-09, 1.04073e-09, 1.04073e-09
1.12980e+07, 9.18007e-10, 9.18007e-10, 1.10592e-09, 1.10592e-09, 1.05355e-09, 1.05355e-09
1.16681e+07, 9.29266e-10, 9.29266e-10, 1.11949e-09, 1.11949e-09, 1.06647e-09, 1.06647e-09
1.20504e+07, 9.40600e-10, 9.40600e-10, 1.13314e-09, 1.13314e-09, 1.07948e-09, 1.07948e-09
1.24451e+07, 9.51994e-10, 9.51994e-10, 1.14686e-09, 1.14686e-09, 1.09256e-09, 1.09256e-09
1.28529e+07, 9.63431e-10, 9.63431e-10, 1.16064e-09, 1.16064e-09, 1.10568e-09, 1.10568e-09
1.32739e+07, 9.74895e-10, 9.74895e-10, 1.17445e-09, 1.17445e-09, 1.11884e-09, 1.11884e-09
1.37088e+07, 9.86368e-10, 9.86368e-10, 1.18828e-09, 1.18828e-09, 1.13201e-09, 1.13201e-09
1.41579e+07, 9.97829e-10, 9.97829e-10, 1.20208e-09, 1.20208e-09, 1.14516e-09, 1.14516e-09
1.46218e+07, 1.00926e-09, 1.00926e-09, 1.21586e-09, 1.21586e-09, 1.15828e-09, 1.15828e-09
1.51008e+07, 1.02067e-09, 1.02067e-09, 1.22960e-09, 1.22960e-09, 1.17138e-09, 1.17138e-09
1.55955e+07, 1.03207e-09, 1.03207e-09, 1.24334e-09, 1.24334e-09, 1.18446e-09, 1.18446e-09
1.61065e+07, 1.04348e-09, 1.04348e-09, 1.25708e-09, 1.25708e-09, 1.19755e-09, 1.19755e-09
1.66341e+07, 1.05492e-09, 1.05492e-09, 1.27086e-09, 1.27086e-09, 1.21068e-09, 1.21068e-09
1.71791e+07, 1.06642e-09, 1.06642e-09, 1.28472e-09, 1.28472e-09, 1.22388e-09, 1.22388e-09
1.77419e+07, 1.07803e-09, 1.07803e-09, 1.29870e-09, 1.29870e-09, 1.23720e-09, 1.23720e-09
1.83231e+07, 1.08978e-09, 1.08978e-09, 1.31285e-09, 1.31285e-09, 1.25068e-09, 1.25068e-09
1.89234e+07, 1.10168e-09, 1.10168e-09, 1.32719e-09, 1.32719e-09, 1.26434e-09, 1.26434e-09
1.95434e+07, 1.11373e-09, 1.11373e-09, 1.34171e-09, 1.34171e-09, 1.27818e-09, 1.27818e-09
2.01837e+07, 1.12594e-09, 1.12594e-09, 1.35641e-09, 1.35641e-09, 1.29218e-09, 1.29218e-09
2.08449e+07, 1.13829e-09, 1.13829e-09, 1.37130e-09, 1.37130e-09, 1.30636e-09, 1.30636e-09
2.15278e+07, 1.15080e-09, 1.15080e-09, 1.38636e-09, 1.38636e-09, 1.32071e-09, 1.32071e-09
2.22331e+07, 1.16345e-09, 1.16345e-09, 1.40161e-09, 1.40161e-09, 1.33524e-09, 1.33524e-09
2.29615e+07, 1.17626e-09, 1.17626e-09, 1.41704e-09, 1.41704e-09, 1.34994e-09, 1.34994e-09
2.37137e+07, 1.18922e-09, 1.18922e-09, 1.43265e-09, 1.43265e-09, 1.36481e-09, 1.36481e-09
2.44906e+07, 1.20230e-09, 1.20230e-09, 1.44840e-09, 1.44840e-09, 1.37982e-09, 1.37982e-09
2.52930e+07, 1.21548e-09, 1.21548e-09, 1.46429e-09, 1.46429e-09, 1.39495e-09, 1.39495e-09
2.61216e+07, 1.22875e-09, 1.22875e-09, 1.48027e-09, 1.48027e-09, 1.41018e-09, 1.41018e-09
2.69774e+07, 1.24208e-09, 1.24208e-09, 1.49633e-09, 1.49633e-09, 1.42547e-09, 1.42547e-09
2.78612e+07, 1.25543e-09, 1.25543e-09, 1.51242e-09, 1.51242e-09, 1.44080e-09, 1.44080e-09
2.87740e+07, 1.26878e-09, 1.26878e-09, 1.52850e-09, 1.52850e-09, 1.45612e-09, 1.45612e-09
2.97167e+07, 1.28211e-09, 1.28211e-09, 1.54455e-09, 1.54455e-09, 1.47141e-09, 1.47141e-09
3.06902e+07, 1.29538e-09, 1.29538e-09, 1.56054e-09, 1.56054e-09, 1.48664e-09, 1.48664e-09
3.16957e+07, 1.30857e-09, 1.30857e-09, 1.57644e-09, 1.57644e-09, 1.50179e-09, 1.50179e-09
3.27341e+07, 1.32166e-09, 1.32166e-09, 1.59220e-09, 1.59220e-09, 1.51681e-09, 1.51681e-09
3.38065e+07, 1.33462e-09, 1.33462e-09, 1.60781e-09, 1.60781e-09, 1.53168e-09, 1.53168e-09
3.49140e+07, 1.34741e-09, 1.34741e-09, 1.62323e-09, 1.62323e-09, 1.54636e-09, 1.54636e-09
3.60579e+07, 1.36002e-09, 1.36002e-09, 1.63841e-09, 1.63841e-09, 1.56082e-09, 1.56082e-09
3.72392e+07, 1.37241e-09, 1.37241e-09, 1.65334e-09, 1.65334e-09, 1.57505e-09, 1.57505e-09
3.84592e+07, 1.38461e-09, 1.38461e-09, 1.66803e-09, 1.66803e-09, 1.58905e-09, 1.58905e-09
3.97192e+07, 1.39661e-09, 1.39661e-09, 1.68249e-09, 1.68249e-09, 1.60282e-09, 1.60282e-09
4.10204e+07, 1.40843e-09, 1.40843e-09, 1.69674e-09, 1.69674e-09, 1.61639e-09, 1.61639e-09
4.23643e+07, 1.42011e-09, 1.42011e-09, 1.71081e-09, 1.71081e-09, 1.62979e-09, 1.62979e-09
4.37522e+07, 1.43168e-09, 1.43168e-09, 1.72474e-09, 1.72474e-09, 1.64307e-09, 1.64307e-09
4.51856e+07, 1.44319e-09, 1.44319e-09, 1.73861e-09, 1.73861e-09, 1.65628e-09, 1.65628e-09
4.66659e+07, 1.45466e-09, 1.45466e-09, 1.75243e-09, 1.75243e-09, 1.66944e-09, 1.66944e-09
4.81948e+07, 1.46609e-09, 1.46609e-09, 1.76619e-09, 1.76619e-09, 1.68256e-09, 1.68256e-09
4.97737e+07, 1.47745e-09, 1.47745e-09, 1.77988e-09, 1.77988e-09, 1.69560e-09, 1.69560e-09
5.14044e+07, 1.48874e-09, 1.48874e-09, 1.79348e-09, 1.79348e-09, 1.70856e-09, 1.70856e-09
5.30884e+07, 1.49994e-09, 1.49994e-09, 1.80697e-09, 1.80697e-09, 1.72141e-09, 1.72141e-09
5.48277e+07, 1.51103e-09, 1.51103e-09, 1.82033e-09, 1.82033e-09, 1.73413e-09, 1.73413e-09
5.66239e+07, 1.52199e-09, 1.52199e-09, 1.83354e-09, 1.83354e-09, 1.74672e-09, 1.74672e-09
5.84790e+07, 1.53282e-09, 1.53282e-09, 1.84659e-09, 1.84659e-09, 1.75914e-09, 1.75914e-09
6.03949e+07, 1.54350e-09, 1.54350e-09, 1.85945e-09, 1.85945e-09, 1.77140e-09, 1.77140e-09
6.23735e+07, 1.55401e-09, 1.55401e-09, 1.87211e-09, 1.87211e-09, 1.78346e-09, 1.78346e-09
6.44169e+07, 1.56434e-09, 1.56434e-09, 1.88456e-09, 1.88456e-09, 1.79532e-09, 1.79532e-09
6.65273e+07, 1.57448e-09, 1.57448e-09, 1.89677e-09, 1.89677e-09, 1.80696e-09, 1.80696e-09
6.87068e+07, 1.58442e-09, 1.58442e-09, 1.90875e-09, 1.90875e-09, 1.81837e-09, 1.81837e-09
7.09578e+07, 1.59416e-09, 1.59416e-09, 1.92048e-09, 1.92048e-09, 1.82954e-09, 1.82954e-09
7.32825e+07, 1.60370e-09, 1.60370e-09, 1.93198e-09, 1.93198e-09, 1.84049e-09, 1.84049e-09
7.56833e+07, 1.61308e-09, 1.61308e-09, 1.94328e-09, 1.94328e-09, 1.85126e-09, 1.85126e-09
7.81628e+07, 1.62236e-09, 1.62236e-09, 1.95446e-09, 1.95446e-09, 1.86191e-09, 1.86191e-09
8.07235e+07, 1.63162e-09, 1.63162e-09, 1.96561e-09, 1.96561e-09, 1.87253e-09, 1.87253e-09
8.33681e+07, 1.64095e-09, 1.64095e-09, 1.97685e-09, 1.97685e-09, 1.88324e-09, 1.88324e-09
8.60994e+07, 1.65046e-09, 1.65046e-09, 1.98830e-09, 1.98830e-09, 1.89415e-09, 1.89415e-09
8.89201e+07, 1.66029e-09, 1.66029e-09, 2.00015e-09, 2.00015e-09, 1.90544e-09, 1.90544e-09
9.18333e+07, 1.67058e-09, 1.67058e-09, 2.01254e-09, 2.01254e-09, 1.91724e-09, 1.91724e-09
9.48418e+07, 1.68131e-09, 1.68131e-09, 2.02547e-09, 2.02547e-09, 1.92956e-09, 1.92956e-09
9.79490e+07, 1.69241e-09, 1.69241e-09, 2.03884e-09, 2.03884e-09, 1.94229e-09, 1.94229e-09
1.01158e+08, 1.70378e-09, 1.70378e-09, 2.05254e-09, 2.05254e-09, 1.95534e-09, 1.95534e-09
1.04472e+08, 1.71531e-09, 1.71531e-09, 2.06643e-09, 2.06643e-09, 1.96858e-09, 1.96858e-09
1.07895e+08, 1.72687e-09, 1.72687e-09, 2.08035e-09, 2.08035e-09, 1.98184e-09, 1.98184e-09
1.11429e+08, 1.73828e-09, 1.73828e-09, 2.09410e-09, 2.09410e-09, 1.99494e-09, 1.99494e-09
1.15080e+08, 1.74937e-09, 1.74937e-09, 2.10746e-09, 2.10746e-09, 2.00766e-09, 2.00766e-09
1.18850e+08, 1.76004e-09, 1.76004e-09, 2.12032e-09, 2.12032e-09, 2.01991e-09, 2.01991e-09
1.22744e+08, 1.77025e-09, 1.77025e-09, 2.13262e-09, 2.13262e-09, 2.03163e-09, 2.03163e-09
1.26765e+08, 1.77996e-09, 1.77996e-09, 2.14431e-09, 2.14431e-09, 2.04277e-09, 2.04277e-09
1.30918e+08, 1.78911e-09, 1.78911e-09, 2.15534e-09, 2.15534e-09, 2.05327e-09, 2.05327e-09
1.35207e+08, 1.79765e-09, 1.79765e-09, 2.16563e-09, 2.16563e-09, 2.06308e-09, 2.06308e-09
1.39637e+08, 1.80554e-09, 1.80554e-09, 2.17513e-09, 2.17513e-09, 2.07213e-09, 2.07213e-09
1.44212e+08, 1.81273e-09, 1.81273e-09, 2.18379e-09, 2.18379e-09, 2.08038e-09, 2.08038e-09
1.48936e+08, 1.81922e-09, 1.81922e-09, 2.19161e-09, 2.19161e-09, 2.08783e-09, 2.08783e-09
1.53815e+08, 1.82508e-09, 1.82508e-09, 2.19867e-09, 2.19867e-09, 2.09455e-09, 2.09455e-09
1.58855e+08, 1.83038e-09, 1.83038e-09, 2.20505e-09, 2.20505e-09, 2.10064e-09, 2.10064e-09
1.64059e+08, 1.83523e-09, 1.83523e-09, 2.21090e-09, 2.21090e-09, 2.10620e-09, 2.10620e-09
1.69434e+08, 1.83977e-09, 1.83977e-09, 2.21636e-09, 2.21636e-09, 2.11141e-09, 2.11141e-09
1.74985e+08, 1.84416e-09, 1.84416e-09, 2.22166e-09, 2.22166e-09, 2.11645e-09, 2.11645e-09
1.80717e+08, 1.84861e-09, 1.84861e-09, 2.22702e-09, 2.22702e-09, 2.12156e-09, 2.12156e-09
1.86638e+08, 1.85320e-09, 1.85320e-09, 2.23255e-09, 2.23255e-09, 2.12683e-09, 2.12683e-09
1.92752e+08, 1.85785e-09, 1.85785e-09, 2.23815e-09, 2.23815e-09, 2.13216e-09, 2.13216e-09
1.99067e+08, 1.86246e-09, 1.86246e-09, 2.24370e-09, 2.24370e-09, 2.13745e-09, 2.13745e-09
2.05589e+08, 1.86691e-09, 1.86691e-09, 2.24906e-09, 2.24906e-09, 2.14256e-09, 2.14256e-09
2.12324e+08, 1.87105e-09, 1.87105e-09, 2.25405e-09, 2.25405e-09, 2.14731e-09, 2.14731e-09
2.19280e+08, 1.87472e-09, 1.87472e-09, 2.25847e-09, 2.25847e-09, 2.15152e-09, 2.15152e-09
2.26464e+08, 1.87772e-09, 1.87772e-09, 2.26208e-09, 2.26208e-09, 2.15496e-09, 2.15496e-09
2.33884e+08, 1.87990e-09, 1.87990e-09, 2.26472e-09, 2.26472e-09, 2.15747e-09, 2.15747e-09
2.41546e+08, 1.88127e-09, 1.88127e-09, 2.26636e-09, 2.26636e-09, 2.15904e-09, 2.15904e-09
2.49459e+08, 1.88181e-09, 1.88181e-09, 2.26702e-09, 2.26702e-09, 2.15967e-09, 2.15967e-09
2.57632e+08, 1.88156e-09, 1.88156e-09, 2.26671e-09, 2.26671e-09, 2.15937e-09, 2.15937e-09
2.66073e+08, 1.88053e-09, 1.88053e-09, 2.26548e-09, 2.26548e-09, 2.15820e-09, 2.15820e-09
2.74789e+08, 1.87878e-09, 1.87878e-09, 2.26337e-09, 2.26337e-09, 2.15619e-09, 2.15619e-09
2.83792e+08, 1.87638e-09, 1.87638e-09, 2.26047e-09, 2.26047e-09, 2.15343e-09, 2.15343e-09
2.93089e+08, 1.87336e-09, 1.87336e-09, 2.25683e-09, 2.25683e-09, 2.14996e-09, 2.14996e-09
3.02691e+08, 1.86970e-09, 1.86970e-09, 2.25242e-09, 2.25242e-09, 2.14576e-09, 2.14576e-09
3.12608e+08, 1.86536e-09, 1.86536e-09, 2.24720e-09, 2.24720e-09, 2.14078e-09, 2.14078e-09
3.22849e+08, 1.86031e-09, 1.86031e-09, 2.24111e-09, 2.24111e-09, 2.13498e-09, 2.13498e-09
3.33426e+08, 1.85449e-09, 1.85449e-09, 2.23411e-09, 2.23411e-09, 2.12831e-09, 2.12831e-09
3.44350e+08, 1.84789e-09, 1.84789e-09, 2.22615e-09, 2.22615e-09, 2.12073e-09, 2.12073e-09
3.55631e+08, 1.84045e-09, 1.84045e-09, 2.21718e-09, 2.21718e-09, 2.11219e-09, 2.11219e-09
3.67282e+08, 1.83213e-09, 1.83213e-09, 2.20717e-09, 2.20717e-09, 2.10265e-09, 2.10265e-09
3.79315e+08, 1.82293e-09, 1.82293e-09, 2.19608e-09, 2.19608e-09, 2.09209e-09, 2.09209e-09
3.91742e+08, 1.81282e-09, 1.81282e-09, 2.18391e-09, 2.18391e-09, 2.08049e-09, 2.08049e-09
4.04576e+08, 1.80181e-09, 1.80181e-09, 2.17064e-09, 2.17064e-09, 2.06785e-09, 2.06785e-09
4.17830e+08, 1.78989e-09, 1.78989e-09, 2.15627e-09, 2.15627e-09, 2.05417e-09, 2.05417e-09
4.31519e+08, 1.77707e-09, 1.77707e-09, 2.14083e-09, 2.14083e-09, 2.03946e-09, 2.03946e-09
4.45656e+08, 1.76338e-09, 1.76338e-09, 2.12434e-09, 2.12434e-09, 2.02374e-09, 2.02374e-09
4.60257e+08, 1.74885e-09, 1.74885e-09, 2.10684e-09, 2.10684e-09, 2.00707e-09, 2.00707e-09
4.75335e+08, 1.73358e-09, 1.73358e-09, 2.08844e-09, 2.08844e-09, 1.98955e-09, 1.98955e-09
4.90908e+08, 1.71769e-09, 1.71769e-09, 2.06929e-09, 2.06929e-09, 1.97131e-09, 1.97131e-09
5.06991e+08, 1.70132e-09, 1.70132e-09, 2.04958e-09, 2.04958e-09, 1.95252e-09, 1.95252e-09
5.23600e+08, 1.68467e-09, 1.68467e-09, 2.02952e-09, 2.02952e-09, 1.93341e-09, 1.93341e-09
5.40754e+08, 1.66796e-09, 1.66796e-09, 2.00939e-09, 2.00939e-09, 1.91423e-09, 1.91423e-09
5.58470e+08, 1.65146e-09, 1.65146e-09, 1.98952e-09, 1.98952e-09, 1.89530e-09, 1.89530e-09
5.76766e+08, 1.63547e-09, 1.63547e-09, 1.97025e-09, 1.97025e-09, 1.87695e-09, 1.87695e-09
5.95662e+08, 1.62004e-09, 1.62004e-09, 1.95165e-09, 1.95165e-09, 1.85924e-09, 1.85924e-09
6.15177e+08, 1.60506e-09, 1.60506e-09, 1.93362e-09, 1.93362e-09, 1.84205e-09, 1.84205e-09
6.35331e+08, 1.59043e-09, 1.59043e-09, 1.91599e-09, 1.91599e-09, 1.82526e-09, 1.82526e-09
6.56145e+08, 1.57600e-09, 1.57600e-09, 1.89860e-09, 1.89860e-09, 1.80869e-09, 1.80869e-09
6.77642e+08, 1.56156e-09, 1.56156e-09, 1.88120e-09, 1.88120e-09, 1.79212e-09, 1.79212e-09
6.99842e+08, 1.54688e-09, 1.54688e-09, 1.86353e-09, 1.86353e-09, 1.77528e-09, 1.77528e-09
7.22770e+08, 1.53171e-09, 1.53171e-09, 1.84524e-09, 1.84524e-09, 1.75786e-09, 1.75786e-09
7.46449e+08, 1.51593e-09, 1.51593e-09, 1.82623e-09, 1.82623e-09, 1.73976e-09, 1.73976e-09
7.70903e+08, 1.49960e-09, 1.49960e-09, 1.80656e-09, 1.80656e-09, 1.72102e-09, 1.72102e-09
7.96159e+08, 1.48279e-09, 1.48279e-09, 1.78631e-09, 1.78631e-09, 1.70172e-09, 1.70172e-09
8.22243e+08, 1.46557e-09, 1.46557e-09, 1.76557e-09, 1.76557e-09, 1.68197e-09, 1.68197e-09
8.49180e+08, 1.44807e-09, 1.44807e-09, 1.74448e-09, 1.74448e-09, 1.66188e-09, 1.66188e-09
8.77001e+08, 1.43039e-09, 1.43039e-09, 1.72319e-09, 1.72319e-09, 1.64159e-09, 1.64159e-09
9.05733e+08, 1.41269e-09, 1.41269e-09, 1.70186e-09, 1.70186e-09, 1.62127e-09, 1.62127e-09
9.35406e+08, 1.39502e-09, 1.39502e-09, 1.68058e-09, 1.68058e-09, 1.60100e-09, 1.60100e-09
9.66051e+08, 1.37735e-09, 1.37735e-09, 1.65929e-09, 1.65929e-09, 1.58072e-09, 1.58072e-09
9.97700e+08, 1.35960e-09, 1.35960e-09, 1.63791e-09, 1.63791e-09, 1.56035e-09, 1.56035e-09
1.03039e+09, 1.34170e-09, 1.34170e-09, 1.61634e-09, 1.61634e-09, 1.53980e-09, 1.53980e-09
1.06414e+09, 1.32353e-09, 1.32353e-09, 1.59446e-09, 1.59446e-09, 1.51895e-09, 1.51895e-09
1.09901e+09, 1.30498e-09, 1.30498e-09, 1.57211e-09, 1.57211e-09, 1.49766e-09, 1.49766e-09
1.13501e+09, 1.28590e-09, 1.28590e-09, 1.54912e-09, 1.54912e-09, 1.47576e-09, 1.47576e-09
1.17220e+09, 1.26622e-09, 1.26622e-09, 1.52541e-09, 1.52541e-09, 1.45317e-09, 1.45317e-09
1.21060e+09, 1.24603e-09, 1.24603e-09, 1.50109e-09, 1.50109e-09, 1.43001e-09, 1.43001e-09
1.25026e+09, 1.22547e-09, 1.22547e-09, 1.47632e-09, 1.47632e-09, 1.40641e-09, 1.40641e-09
1.29122e+09, 1.20470e-09, 1.20470e-09, 1.45129e-09, 1.45129e-09, 1.38257e-09, 1.38257e-09
1.33352e+09, 1.18390e-09, 1.18390e-09, 1.42624e-09, 1.42624e-09, 1.35870e-09, 1.35870e-09
1.37721e+09, 1.16331e-09, 1.16331e-09, 1.40144e-09, 1.40144e-09, 1.33508e-09, 1.33508e-09
1.42233e+09, 1.14320e-09, 1.14320e-09, 1.37721e-09, 1.37721e-09, 1.31199e-09, 1.31199e-09
1.46893e+09, 1.12375e-09, 1.12375e-09, 1.35378e-09, 1.35378e-09, 1.28967e-09, 1.28967e-09
1.51705e+09, 1.10488e-09, 1.10488e-09, 1.33105e-09, 1.33105e-09, 1.26802e-09, 1.26802e-09
1.56675e+09, 1.08646e-09, 1.08646e-09, 1.30886e-09, 1.30886e-09, 1.24688e-09, 1.24688e-09
1.61808e+09, 1.06831e-09, 1.06831e-09, 1.28699e-09, 1.28699e-09, 1.22605e-09, 1.22605e-09
1.67109e+09, 1.05019e-09, 1.05019e-09, 1.26516e-09, 1.26516e-09, 1.20525e-09, 1.20525e-09
1.72584e+09, 1.03183e-09, 1.03183e-09, 1.24304e-09, 1.24304e-09, 1.18418e-09, 1.18418e-09
1.78238e+09, 1.01288e-09, 1.01288e-09, 1.22021e-09, 1.22021e-09, 1.16243e-09, 1.16243e-09
1.84077e+09, 9.93038e-10, 9.93038e-10, 1.19631e-09, 1.19631e-09, 1.13966e-09, 1.13966e-09
1.90108e+09, 9.72324e-10, 9.72324e-10, 1.17136e-09, 1.17136e-09, 1.11589e-09, 1.11589e-09
1.96336e+09, 9.50837e-10, 9.50837e-10, 1.14547e-09, 1.14547e-09, 1.09123e-09, 1.09123e-09
2.02768e+09, 9.28707e-10, 9.28707e-10, 1.11881e-09, 1.11881e-09, 1.06583e-09, 1.06583e-09
2.09411e+09, 9.06094e-10, 9.06094e-10, 1.09157e-09, 1.09157e-09, 1.03988e-09, 1.03988e-09
2.16272e+09, 8.83194e-10, 8.83194e-10, 1.06398e-09, 1.06398e-09, 1.01360e-09, 1.01360e-09
2.23357e+09, 8.60242e-10, 8.60242e-10, 1.03633e-09, 1.03633e-09, 9.87258e-10, 9.87258e-10
2.30675e+09, 8.37469e-10, 8.37469e-10, 1.00890e-09, 1.00890e-09, 9.61123e-10, 9.61123e-10
2.38232e+09, 8.14881e-10, 8.14881e-10, 9.81685e-10, 9.81685e-10, 9.35198e-10, 9.35198e-10
2.46037e+09, 7.92388e-10, 7.92388e-10, 9.54588e-10, 9.54588e-10, 9.09384e-10, 9.09384e-10
2.54097e+09, 7.69877e-10, 7.69877e-10, 9.27470e-10, 9.27470e-10, 8.83551e-10, 8.83551e-10
2.62422e+09, 7.47208e-10, 7.47208e-10, 9.00160e-10, 9.00160e-10, 8.57534e-10, 8.57534e-10
2.71019e+09, 7.24204e-10, 7.24204e-10, 8.72448e-10, 8.72448e-10, 8.31134e-10, 8.31134e-10
2.79898e+09, 7.00653e-10, 7.00653e-10, 8.44075e-10, 8.44075e-10, 8.04105e-10, 8.04105e-10
2.89068e+09, 6.76330e-10, 6.76330e-10, 8.14773e-10, 8.14773e-10, 7.76191e-10, 7.76191e-10
2.98538e+09, 6.51240e-10, 6.51240e-10, 7.84547e-10, 7.84547e-10, 7.47396e-10, 7.47396e-10
3.08319e+09, 6.25527e-10, 6.25527e-10, 7.53571e-10, 7.53571e-10, 7.17886e-10, 7.17886e-10
3.18420e+09, 5.99367e-10, 5.99367e-10, 7.22056e-10, 7.22056e-10, 6.87864e-10, 6.87864e-10
3.28852e+09, 5.72976e-10, 5.72976e-10, 6.90263e-10, 6.90263e-10, 6.57576e-10, 6.57576e-10
3.39625e+09, 5.46610e-10, 5.46610e-10, 6.58500e-10, 6.58500e-10, 6.27318e-10, 6.27318e-10
3.50752e+09, 5.20576e-10, 5.20576e-10, 6.27137e-10, 6.27137e-10, 5.97440e-10, 5.97440e-10
3.62243e+09, 4.95222e-10, 4.95222e-10, 5.96592e-10, 5.96592e-10, 5.68341e-10, 5.68341e-10
3.74111e+09, 4.70755e-10, 4.70755e-10, 5.67117e-10, 5.67117e-10, 5.40262e-10, 5.40262e-10
3.86367e+09, 4.47271e-10, 4.47271e-10, 5.38826e-10, 5.38826e-10, 5.13311e-10, 5.13311e-10
3.99025e+09, 4.24864e-10, 4.24864e-10, 5.11833e-10, 5.11833e-10, 4.87596e-10, 4.87596e-10
4.12098e+09, 4.03631e-10, 4.03631e-10, 4.86254e-10, 4.86254e-10, 4.63228e-10, 4.63228e-10
4.25598e+09, 3.83668e-10, 3.83668e-10, 4.62204e-10, 4.62204e-10, 4.40317e-10, 4.40317e-10
4.39542e+09, 3.65072e-10, 3.65072e-10, 4.39802e-10, 4.39802e-10, 4.18976e-10, 4.18976e-10
4.53942e+09, 3.47936e-10, 3.47936e-10, 4.19157e-10, 4.19157e-10, 3.99309e-10, 3.99309e-10
4.68813e+09, 3.32256e-10, 3.32256e-10, 4.00269e-10, 4.00269e-10, 3.81314e-10, 3.81314e-10
4.84172e+09, 3.17914e-10, 3.17914e-10, 3.82990e-10, 3.82990e-10, 3.64854e-10, 3.64854e-10
5.00035e+09, 3.04737e-10, 3.04737e-10, 3.67117e-10, 3.67117e-10, 3.49732e-10, 3.49732e-10
5.16416e+09, 2.92502e-10, 2.92502e-10, 3.52377e-10, 3.52377e-10, 3.35690e-10, 3.35690e-10
5.33335e+09, 2.80921e-10, 2.80921e-10, 3.38425e-10, 3.38425e-10, 3.22399e-10, 3.22399e-10
5.50808e+09, 2.69633e-10, 2.69633e-10, 3.24826e-10, 3.24826e-10, 3.09444e-10, 3.09444e-10
5.68853e+09, 2.58201e-10, 2.58201e-10, 3.11054e-10, 3.11054e-10, 2.96325e-10, 2.96325e-10
5.87489e+09, 2.46353e-10, 2.46353e-10, 2.96780e-10, 2.96780e-10, 2.82727e-10, 2.82727e-10
6.06736e+09, 2.34157e-10, 2.34157e-10, 2.82088e-10, 2.82088e-10, 2.68730e-10, 2.68730e-10
6.26614e+09, 2.21732e-10, 2.21732e-10, 2.67121e-10, 2.67121e-10, 2.54472e-10, 2.54472e-10
6.47143e+09, 2.09223e-10, 2.09223e-10, 2.52051e-10, 2.52051e-10, 2.40115e-10, 2.40115e-10
6.68344e+09, 1.96802e-10, 1.96802e-10, 2.37087e-10, 2.37087e-10, 2.25860e-10, 2.25860e-10
6.90240e+09, 1.84674e-10, 1.84674e-10, 2.22477e-10, 2.22477e-10, 2.11941e-10, 2.11941e-10
7.12853e+09, 1.73083e-10, 1.73083e-10, 2.08513e-10, 2.08513e-10, 1.98639e-10, 1.98639e-10
7.36207e+09, 1.62217e-10, 1.62217e-10, 1.95422e-10, 1.95422e-10, 1.86168e-10, 1.86168e-10
7.60326e+09, 1.52069e-10, 1.52069e-10, 1.83198e-10, 1.83198e-10, 1.74523e-10, 1.74523e-10
7.85236e+09, 1.42595e-10, 1.42595e-10, 1.71783e-10, 1.71783e-10, 1.63649e-10, 1.63649e-10
8.10961e+09, 1.33724e-10, 1.33724e-10, 1.61097e-10, 1.61097e-10, 1.53469e-10, 1.53469e-10
8.37529e+09, 1.25367e-10, 1.25367e-10, 1.51029e-10, 1.51029e-10, 1.43878e-10, 1.43878e-10
8.64968e+09, 1.17403e-10, 1.17403e-10, 1.41435e-10, 1.41435e-10, 1.34738e-10, 1.34738e-10
8.93305e+09, 1.09680e-10, 1.09680e-10, 1.32131e-10, 1.32131e-10, 1.25874e-10, 1.25874e-10
9.22571e+09, 1.02057e-10, 1.02057e-10, 1.22948e-10, 1.22948e-10, 1.17126e-10, 1.17126e-10
9.52796e+09, 9.45259e-11, 9.45259e-11, 1.13875e-10, 1.13875e-10, 1.08483e-10, 1.08483e-10
9.84011e+09, 8.71079e-11, 8.71079e-11, 1.04939e-10, 1.04939e-10, 9.99695e-11, 9.99695e-11
