# Heinze et al., fit to Auger UHECRs (cosmogenic), Astrophys. J. 873, 88 (2019)
# Energy [GeV], E**2 Flux [GeV cm^-2] (nue anue numu anumu nutau anutau)
1.01625e+03, 0.00000e+00, 2.59373e-18, 0.00000e+00, 9.44209e-19, 0.00000e+00, 1.39520e-18
1.04954e+03, 0.00000e+00, 2.44763e-18, 0.00000e+00, 8.92852e-19, 0.00000e+00, 1.31802e-18
1.08393e+03, 0.00000e+00, 2.30835e-18, 0.00000e+00, 8.43595e-19, 0.00000e+00, 1.24423e-18
1.11944e+03, 0.00000e+00, 2.17678e-18, 0.00000e+00, 7.96731e-19, 0.00000e+00, 1.17430e-18
1.15611e+03, 0.00000e+00, 2.05392e-18, 0.00000e+00, 7.52571e-19, 0.00000e+00, 1.10872e-18
1.19399e+03, 0.00000e+00, 1.94080e-18, 0.00000e+00, 7.11449e-19, 0.00000e+00, 1.04803e-18
1.23310e+03, 0.00000e+00, 1.83854e-18, 0.00000e+00, 6.73724e-19, 0.00000e+00, 9.92784e-19
1.27350e+03, 0.00000e+00, 1.74834e-18, 0.00000e+00, 6.39778e-19, 0.00000e+00, 9.43601e-19
1.31522e+03, 0.00000e+00, 1.67149e-18, 0.00000e+00, 6.10022e-19, 0.00000e+00, 9.01126e-19
1.35831e+03, 0.00000e+00, 1.60934e-18, 0.00000e+00, 5.84893e-19, 0.00000e+00, 8.66052e-19
1.40281e+03, 0.00000e+00, 1.56337e-18, 0.00000e+00, 5.64854e-19, 0.00000e+00, 8.39118e-19
1.44877e+03, 0.00000e+00, 1.53512e-18, 0.00000e+00, 5.50404e-19, 0.00000e+00, 8.21110e-19
1.49624e+03, 0.00000e+00, 1.52624e-18, 0.00000e+00, 5.42069e-19, 0.00000e+00, 8.12866e-19
1.54525e+03, 0.00000e+00, 1.53850e-18, 0.00000e+00, 5.40409e-19, 0.00000e+00, 8.15276e-19
1.59588e+03, 0.00000e+00, 1.57376e-18, 0.00000e+00, 5.46019e-19, 0.00000e+00, 8.29286e-19
1.64816e+03, 0.00000e+00, 1.63401e-18, 0.00000e+00, 5.59530e-19, 0.00000e+00, 8.55898e-19
1.70216e+03, 0.00000e+00, 1.72134e-18, 0.00000e+00, 5.81610e-19, 0.00000e+00, 8.96175e-19
1.75792e+03, 4.37273e-21, 1.83798e-18, 0.00000e+00, 6.12964e-19, 0.00000e+00, 9.51240e-19
1.81552e+03, 3.74050e-20, 1.98628e-18, 5.25544e-22, 6.54337e-19, 1.23648e-20, 1.02228e-18
1.87499e+03, 7.17290e-20, 2.16873e-18, 1.25297e-20, 7.06517e-19, 3.03401e-20, 1.11056e-18
1.93642e+03, 1.07466e-19, 2.38794e-18, 2.49028e-20, 7.70333e-19, 4.89826e-20, 1.21738e-18
1.99986e+03, 1.44755e-19, 2.64667e-18, 3.76833e-20, 8.46654e-19, 6.83587e-20, 1.34416e-18
2.06538e+03, 1.83749e-19, 2.94783e-18, 5.09155e-20, 9.36398e-19, 8.85439e-20, 1.49234e-18
2.13304e+03, 2.24625e-19, 3.29447e-18, 6.46502e-20, 1.04052e-18, 1.09624e-19, 1.66347e-18
2.20293e+03, 2.67580e-19, 3.68979e-18, 7.89459e-20, 1.16004e-18, 1.31697e-19, 1.85916e-18
2.27510e+03, 3.12839e-19, 4.13713e-18, 9.38696e-20, 1.29599e-18, 1.54873e-19, 2.08110e-18
2.34963e+03, 3.60651e-19, 4.64001e-18, 1.09498e-19, 1.44947e-18, 1.79277e-19, 2.33104e-18
2.42661e+03, 4.11302e-19, 5.20209e-18, 1.25918e-19, 1.62163e-18, 2.05051e-19, 2.61083e-18
2.50611e+03, 4.65110e-19, 5.82717e-18, 1.43229e-19, 1.81365e-18, 2.32356e-19, 2.92237e-18
2.58821e+03, 5.22434e-19, 6.51921e-18, 1.61546e-19, 2.02675e-18, 2.61372e-19, 3.26765e-18
2.67301e+03, 5.83677e-19, 7.28232e-18, 1.80996e-19, 2.26221e-18, 2.92305e-19, 3.64873e-18
2.76058e+03, 6.49295e-19, 8.12076e-18, 2.01726e-19, 2.52133e-18, 3.25383e-19, 4.06773e-18
2.85102e+03, 7.19794e-19, 9.03891e-18, 2.23902e-19, 2.80546e-18, 3.60869e-19, 4.52683e-18
2.94442e+03, 7.95748e-19, 1.00413e-17, 2.47711e-19, 3.11597e-18, 3.99053e-19, 5.02829e-18
3.04089e+03, 8.77797e-19, 1.11325e-17, 2.73366e-19, 3.45426e-18, 4.40265e-19, 5.57440e-18
3.14051e+03, 9.66659e-19, 1.23173e-17, 3.01106e-19, 3.82176e-18, 4.84874e-19, 6.16751e-18
3.24340e+03, 1.06314e-18, 1.36004e-17, 3.31202e-19, 4.21990e-18, 5.33298e-19, 6.80998e-18
3.34965e+03, 1.16813e-18, 1.49868e-17, 3.63956e-19, 4.65011e-18, 5.85998e-19, 7.50421e-18
3.45939e+03, 1.28261e-18, 1.64800e-17, 3.99676e-19, 5.11346e-18, 6.43466e-19, 8.25192e-18
3.57273e+03, 1.40808e-18, 1.80801e-17, 4.38825e-19, 5.60996e-18, 7.06448e-19, 9.05312e-18
3.68978e+03, 1.54578e-18, 1.97901e-17, 4.81797e-19, 6.14065e-18, 7.75575e-19, 9.90946e-18
3.81066e+03, 1.69789e-18, 2.16070e-17, 5.29266e-19, 6.70448e-18, 8.51938e-19, 1.08193e-17
3.93550e+03, 1.86653e-18, 2.35327e-17, 5.81887e-19, 7.30207e-18, 9.36591e-19, 1.17836e-17
4.06443e+03, 2.05420e-18, 2.55862e-17, 6.40455e-19, 7.93939e-18, 1.03081e-18, 1.28119e-17
4.19759e+03, 2.26295e-18, 2.77928e-17, 7.05611e-19, 8.62421e-18, 1.13561e-18, 1.39169e-17
4.33511e+03, 2.49738e-18, 3.01824e-17, 7.78806e-19, 9.36585e-18, 1.25333e-18, 1.51136e-17
4.47713e+03, 2.76145e-18, 3.27923e-17, 8.61276e-19, 1.01759e-17, 1.38594e-18, 1.64206e-17
4.62381e+03, 3.06158e-18, 3.56983e-17, 9.55043e-19, 1.10780e-17, 1.53668e-18, 1.78760e-17
4.77529e+03, 3.40393e-18, 3.89979e-17, 1.06204e-18, 1.21022e-17, 1.70867e-18, 1.95285e-17
4.93174e+03, 3.79594e-18, 4.28467e-17, 1.18460e-18, 1.32970e-17, 1.90562e-18, 2.14561e-17
5.09331e+03, 4.24329e-18, 4.73556e-17, 1.32454e-18, 1.46967e-17, 2.13045e-18, 2.37143e-17
5.26017e+03, 4.75046e-18, 5.25549e-17, 1.48328e-18, 1.63109e-17, 2.38540e-18, 2.63184e-17
5.43250e+03, 5.32546e-18, 5.86200e-17, 1.66335e-18, 1.81938e-17, 2.67450e-18, 2.93562e-17
5.61048e+03, 5.97675e-18, 6.57875e-17, 1.86744e-18, 2.04191e-17, 3.00207e-18, 3.29459e-17
5.79429e+03, 6.71344e-18, 7.43461e-17, 2.09847e-18, 2.30763e-17, 3.37273e-18, 3.72326e-17
5.98412e+03, 7.54256e-18, 8.45909e-17, 2.35871e-18, 2.62570e-17, 3.79002e-18, 4.23637e-17
6.18016e+03, 8.47149e-18, 9.68773e-17, 2.65060e-18, 3.00718e-17, 4.25785e-18, 4.85177e-17
6.38263e+03, 9.50829e-18, 1.11369e-16, 2.97669e-18, 3.45714e-17, 4.78013e-18, 5.57763e-17
6.59174e+03, 1.06656e-17, 1.28134e-16, 3.34098e-18, 3.97766e-17, 5.36343e-18, 6.41732e-17
6.80769e+03, 1.19538e-17, 1.47536e-16, 3.74683e-18, 4.58009e-17, 6.01286e-18, 7.38914e-17
7.03072e+03, 1.33866e-17, 1.69929e-16, 4.19868e-18, 5.27538e-17, 6.73559e-18, 8.51071e-17
7.26106e+03, 1.49752e-17, 1.95669e-16, 4.70023e-18, 6.07469e-17, 7.53728e-18, 9.80004e-17
7.49894e+03, 1.67300e-17, 2.25087e-16, 5.25495e-18, 6.98817e-17, 8.42332e-18, 1.12736e-16
7.74462e+03, 1.86601e-17, 2.58451e-16, 5.86594e-18, 8.02423e-17, 9.39858e-18, 1.29448e-16
7.99834e+03, 2.07810e-17, 2.96135e-16, 6.53820e-18, 9.19454e-17, 1.04708e-17, 1.48325e-16
8.26038e+03, 2.31178e-17, 3.38773e-16, 7.27964e-18, 1.05187e-16, 1.16528e-17, 1.69683e-16
8.53100e+03, 2.56890e-17, 3.86821e-16, 8.09638e-18, 1.20109e-16, 1.29539e-17, 1.93752e-16
8.81049e+03, 2.85098e-17, 4.40705e-16, 8.99353e-18, 1.36844e-16, 1.43822e-17, 2.20744e-16
9.09913e+03, 3.15865e-17, 5.00593e-16, 9.97339e-18, 1.55445e-16, 1.59410e-17, 2.50745e-16
9.39723e+03, 3.49236e-17, 5.66654e-16, 1.10376e-17, 1.75964e-16, 1.76328e-17, 2.83838e-16
9.70510e+03, 3.85222e-17, 6.38665e-16, 1.21868e-17, 1.98332e-16, 1.94583e-17, 3.19913e-16
1.00231e+04, 4.23900e-17, 7.16639e-16, 1.34236e-17, 2.22554e-16, 2.14215e-17, 3.58977e-16
1.03514e+04, 4.65693e-17, 8.01241e-16, 1.47617e-17, 2.48836e-16, 2.35441e-17, 4.01363e-16
1.06905e+04, 5.10906e-17, 8.92028e-16, 1.62110e-17, 2.77042e-16, 2.58416e-17, 4.46847e-16
1.10408e+04, 5.59715e-17, 9.88271e-16, 1.77775e-17, 3.06946e-16, 2.83233e-17, 4.95069e-16
1.14025e+04, 6.12415e-17, 1.08869e-15, 1.94705e-17, 3.38150e-16, 3.10040e-17, 5.45383e-16
1.17761e+04, 6.69462e-17, 1.19195e-15, 2.13045e-17, 3.70243e-16, 3.39066e-17, 5.97128e-16
1.21619e+04, 7.31660e-17, 1.29623e-15, 2.33044e-17, 4.02659e-16, 3.70717e-17, 6.49387e-16
1.25603e+04, 8.00265e-17, 1.40170e-15, 2.55098e-17, 4.35446e-16, 4.05625e-17, 7.02240e-16
1.29718e+04, 8.77027e-17, 1.51002e-15, 2.79771e-17, 4.69132e-16, 4.44679e-17, 7.56535e-16
1.33968e+04, 9.63552e-17, 1.62170e-15, 3.07566e-17, 5.03866e-16, 4.88692e-17, 8.12515e-16
1.38357e+04, 1.06188e-16, 1.73732e-15, 3.39125e-17, 5.39836e-16, 5.38685e-17, 8.70477e-16
1.42889e+04, 1.17442e-16, 1.85924e-15, 3.75206e-17, 5.77765e-16, 5.95878e-17, 9.31597e-16
1.47571e+04, 1.30391e-16, 1.99001e-15, 4.16667e-17, 6.18457e-16, 6.61644e-17, 9.97160e-16
1.52405e+04, 1.45268e-16, 2.13415e-15, 4.64244e-17, 6.63306e-16, 7.37159e-17, 1.06943e-15
1.57398e+04, 1.62455e-16, 2.29800e-15, 5.19156e-17, 7.14290e-16, 8.24367e-17, 1.15157e-15
1.62555e+04, 1.82310e-16, 2.48757e-15, 5.82551e-17, 7.73270e-16, 9.25079e-17, 1.24661e-15
1.67880e+04, 2.05288e-16, 2.71232e-15, 6.55878e-17, 8.43189e-16, 1.04160e-16, 1.35928e-15
1.73380e+04, 2.31949e-16, 2.98420e-15, 7.40932e-17, 9.27755e-16, 1.17679e-16, 1.49557e-15
1.79061e+04, 2.62814e-16, 3.31604e-15, 8.39397e-17, 1.03096e-15, 1.33329e-16, 1.66190e-15
1.84927e+04, 2.98557e-16, 3.72515e-15, 9.53461e-17, 1.15818e-15, 1.51455e-16, 1.86695e-15
1.90985e+04, 3.39588e-16, 4.22748e-15, 1.08449e-16, 1.31436e-15, 1.72269e-16, 2.11871e-15
1.97242e+04, 3.86628e-16, 4.83931e-15, 1.23483e-16, 1.50458e-15, 1.96140e-16, 2.42535e-15
2.03704e+04, 4.41079e-16, 5.58193e-15, 1.40891e-16, 1.73543e-15, 2.23776e-16, 2.79750e-15
2.10378e+04, 5.04709e-16, 6.49005e-15, 1.61240e-16, 2.01772e-15, 2.56075e-16, 3.25259e-15
2.17270e+04, 5.79027e-16, 7.60277e-15, 1.85022e-16, 2.36358e-15, 2.93811e-16, 3.81019e-15
2.24388e+04, 6.65234e-16, 8.96347e-15, 2.12633e-16, 2.78651e-15, 3.37601e-16, 4.49206e-15
2.31739e+04, 7.64089e-16, 1.06166e-14, 2.44337e-16, 3.30029e-15, 3.87846e-16, 5.32041e-15
2.39332e+04, 8.76682e-16, 1.26187e-14, 2.80503e-16, 3.92254e-15, 4.45115e-16, 6.32367e-15
2.47172e+04, 1.00480e-15, 1.50190e-14, 3.21710e-16, 4.66850e-15, 5.10316e-16, 7.52642e-15
2.55270e+04, 1.15260e-15, 1.78971e-14, 3.69286e-16, 5.56293e-15, 5.85567e-16, 8.96857e-15
2.63633e+04, 1.32371e-15, 2.13607e-14, 4.24402e-16, 6.63929e-15, 6.72709e-16, 1.07041e-14
2.72270e+04, 1.51975e-15, 2.55199e-14, 4.87627e-16, 7.93175e-15, 7.72606e-16, 1.27881e-14
2.81190e+04, 1.74182e-15, 3.04852e-14, 5.59363e-16, 9.47466e-15, 8.85854e-16, 1.52759e-14
2.90402e+04, 1.99091e-15, 3.63358e-14, 6.40000e-16, 1.12927e-14, 1.01300e-15, 1.82074e-14
2.99916e+04, 2.26842e-15, 4.31479e-14, 7.30041e-16, 1.34095e-14, 1.15480e-15, 2.16207e-14
3.09742e+04, 2.58005e-15, 5.10368e-14, 8.31350e-16, 1.58611e-14, 1.31418e-15, 2.55735e-14
3.19890e+04, 2.93370e-15, 6.01428e-14, 9.46433e-16, 1.86908e-14, 1.49513e-15, 3.01362e-14
3.30370e+04, 3.33154e-15, 7.06532e-14, 1.07609e-15, 2.19571e-14, 1.69884e-15, 3.54027e-14
3.41193e+04, 3.77484e-15, 8.26983e-14, 1.22080e-15, 2.57002e-14, 1.92600e-15, 4.14382e-14
3.52371e+04, 4.26620e-15, 9.63907e-14, 1.38152e-15, 2.99554e-14, 2.17801e-15, 4.82991e-14
3.63915e+04, 4.81000e-15, 1.11858e-13, 1.55974e-15, 3.47624e-14, 2.45716e-15, 5.60494e-14
3.75837e+04, 5.40975e-15, 1.29159e-13, 1.75669e-15, 4.01393e-14, 2.76533e-15, 6.47187e-14
3.88150e+04, 6.07484e-15, 1.48480e-13, 1.97538e-15, 4.61443e-14, 3.10727e-15, 7.44006e-14
4.00867e+04, 6.81343e-15, 1.70252e-13, 2.21845e-15, 5.29112e-14, 3.48717e-15, 8.53106e-14
4.14000e+04, 7.62574e-15, 1.94737e-13, 2.48617e-15, 6.05210e-14, 3.90524e-15, 9.75798e-14
4.27563e+04, 8.51600e-15, 2.22075e-13, 2.77994e-15, 6.90175e-14, 4.36372e-15, 1.11279e-13
4.41570e+04, 9.49153e-15, 2.52331e-13, 3.10221e-15, 7.84219e-14, 4.86635e-15, 1.26441e-13
4.56037e+04, 1.05564e-14, 2.85667e-13, 3.45438e-15, 8.87828e-14, 5.41530e-15, 1.43145e-13
4.70977e+04, 1.17206e-14, 3.22288e-13, 3.83972e-15, 1.00165e-13, 6.01567e-15, 1.61496e-13
4.86407e+04, 1.29951e-14, 3.62541e-13, 4.26182e-15, 1.12677e-13, 6.67314e-15, 1.81668e-13
5.02343e+04, 1.43784e-14, 4.06871e-13, 4.72044e-15, 1.26456e-13, 7.38707e-15, 2.03882e-13
5.18800e+04, 1.58778e-14, 4.55482e-13, 5.21805e-15, 1.41565e-13, 8.16126e-15, 2.28241e-13
5.35797e+04, 1.75023e-14, 5.08556e-13, 5.75768e-15, 1.58063e-13, 9.00046e-15, 2.54839e-13
5.53350e+04, 1.92613e-14, 5.66338e-13, 6.34240e-15, 1.76023e-13, 9.90942e-15, 2.83794e-13
5.71479e+04, 2.11722e-14, 6.29057e-13, 6.97788e-15, 1.95519e-13, 1.08970e-14, 3.15225e-13
5.90201e+04, 2.32467e-14, 6.97173e-13, 7.66780e-15, 2.16691e-13, 1.19692e-14, 3.49357e-13
6.09537e+04, 2.54920e-14, 7.71260e-13, 8.41474e-15, 2.39721e-13, 1.31299e-14, 3.86487e-13
6.29506e+04, 2.79051e-14, 8.51413e-13, 9.21784e-15, 2.64636e-13, 1.43775e-14, 4.26652e-13
6.50130e+04, 3.04941e-14, 9.37572e-13, 1.00799e-14, 2.91417e-13, 1.57164e-14, 4.69830e-13
6.71429e+04, 3.32747e-14, 1.03008e-12, 1.10059e-14, 3.20173e-13, 1.71545e-14, 5.16188e-13
6.93426e+04, 3.62627e-14, 1.12962e-12, 1.20012e-14, 3.51113e-13, 1.86999e-14, 5.66067e-13
7.16143e+04, 3.94793e-14, 1.23670e-12, 1.30723e-14, 3.84401e-13, 2.03635e-14, 6.19730e-13
7.39605e+04, 4.29412e-14, 1.35197e-12, 1.42249e-14, 4.20232e-13, 2.21537e-14, 6.77499e-13
7.63836e+04, 4.66643e-14, 1.47614e-12, 1.54641e-14, 4.58827e-13, 2.40787e-14, 7.39721e-13
7.88860e+04, 5.06515e-14, 1.60942e-12, 1.67911e-14, 5.00255e-13, 2.61402e-14, 8.06508e-13
8.14704e+04, 5.49045e-14, 1.75200e-12, 1.82068e-14, 5.44575e-13, 2.83392e-14, 8.77964e-13
8.41395e+04, 5.94453e-14, 1.90420e-12, 1.97184e-14, 5.91884e-13, 3.06873e-14, 9.54233e-13
8.68960e+04, 6.43045e-14, 2.06642e-12, 2.13355e-14, 6.42307e-13, 3.31995e-14, 1.03553e-12
8.97429e+04, 6.94846e-14, 2.23962e-12, 2.30591e-14, 6.96142e-13, 3.58775e-14, 1.12231e-12
9.26830e+04, 7.50233e-14, 2.42441e-12, 2.49016e-14, 7.53584e-13, 3.87405e-14, 1.21492e-12
9.57194e+04, 8.09269e-14, 2.62191e-12, 2.68654e-14, 8.14973e-13, 4.17922e-14, 1.31389e-12
9.88553e+04, 8.71856e-14, 2.83192e-12, 2.89486e-14, 8.80251e-13, 4.50282e-14, 1.41913e-12
1.02094e+05, 9.38395e-14, 3.05469e-12, 3.11635e-14, 9.49496e-13, 4.84688e-14, 1.53077e-12
1.05439e+05, 1.00902e-13, 3.29122e-12, 3.35153e-14, 1.02302e-12, 5.21211e-14, 1.64929e-12
1.08893e+05, 1.08381e-13, 3.54199e-12, 3.60068e-14, 1.10097e-12, 5.59899e-14, 1.77497e-12
1.12460e+05, 1.16335e-13, 3.80794e-12, 3.86567e-14, 1.18364e-12, 6.01043e-14, 1.90824e-12
1.16145e+05, 1.24799e-13, 4.09044e-12, 4.14769e-14, 1.27145e-12, 6.44828e-14, 2.04981e-12
1.19950e+05, 1.33761e-13, 4.39043e-12, 4.44641e-14, 1.36470e-12, 6.91196e-14, 2.20014e-12
1.23880e+05, 1.43232e-13, 4.70768e-12, 4.76227e-14, 1.46333e-12, 7.40209e-14, 2.35914e-12
1.27938e+05, 1.53279e-13, 5.04293e-12, 5.09748e-14, 1.56754e-12, 7.92217e-14, 2.52715e-12
1.32130e+05, 1.63942e-13, 5.39683e-12, 5.45330e-14, 1.67755e-12, 8.47415e-14, 2.70450e-12
1.36458e+05, 1.75269e-13, 5.77089e-12, 5.83135e-14, 1.79384e-12, 9.06057e-14, 2.89196e-12
1.40929e+05, 1.87290e-13, 6.16638e-12, 6.23261e-14, 1.91679e-12, 9.68294e-14, 3.09017e-12
1.45546e+05, 2.00022e-13, 6.58477e-12, 6.65777e-14, 2.04686e-12, 1.03423e-13, 3.29984e-12
1.50314e+05, 2.13476e-13, 7.02508e-12, 7.10737e-14, 2.18375e-12, 1.10392e-13, 3.52050e-12
1.55239e+05, 2.27671e-13, 7.48770e-12, 7.58200e-14, 2.32758e-12, 1.17747e-13, 3.75237e-12
1.60325e+05, 2.42607e-13, 7.97377e-12, 8.08186e-14, 2.47870e-12, 1.25489e-13, 3.99596e-12
1.65577e+05, 2.58329e-13, 8.48383e-12, 8.60847e-14, 2.63729e-12, 1.33642e-13, 4.25161e-12
1.71002e+05, 2.74934e-13, 9.01959e-12, 9.16496e-14, 2.80388e-12, 1.42255e-13, 4.52013e-12
1.76604e+05, 2.92428e-13, 9.58213e-12, 9.75176e-14, 2.97879e-12, 1.51334e-13, 4.80205e-12
1.82390e+05, 3.10825e-13, 1.01729e-11, 1.03694e-13, 3.16250e-12, 1.60884e-13, 5.09817e-12
1.88365e+05, 3.30167e-13, 1.07903e-11, 1.10195e-13, 3.35449e-12, 1.70930e-13, 5.40761e-12
1.94536e+05, 3.50451e-13, 1.14327e-11, 1.17020e-13, 3.55427e-12, 1.81471e-13, 5.72962e-12
2.00909e+05, 3.71653e-13, 1.21004e-11, 1.24163e-13, 3.76192e-12, 1.92496e-13, 6.06426e-12
2.07491e+05, 3.93820e-13, 1.27950e-11, 1.31642e-13, 3.97797e-12, 2.04031e-13, 6.41248e-12
2.14289e+05, 4.16957e-13, 1.35173e-11, 1.39462e-13, 4.20263e-12, 2.16080e-13, 6.77454e-12
2.21309e+05, 4.41177e-13, 1.42675e-11, 1.47661e-13, 4.43601e-12, 2.28703e-13, 7.15063e-12
2.28560e+05, 4.66551e-13, 1.50449e-11, 1.56263e-13, 4.67784e-12, 2.41935e-13, 7.54034e-12
2.36048e+05, 4.93055e-13, 1.58466e-11, 1.65263e-13, 4.92725e-12, 2.55768e-13, 7.94224e-12
2.43781e+05, 5.20536e-13, 1.66690e-11, 1.74618e-13, 5.18316e-12, 2.70128e-13, 8.35455e-12
2.51768e+05, 5.49197e-13, 1.75131e-11, 1.84394e-13, 5.44581e-12, 2.85118e-13, 8.77772e-12
2.60016e+05, 5.79049e-13, 1.83775e-11, 1.94597e-13, 5.71488e-12, 3.00746e-13, 9.21122e-12
2.68534e+05, 6.10100e-13, 1.92632e-11, 2.05232e-13, 5.99056e-12, 3.17018e-13, 9.65535e-12
2.77332e+05, 6.42454e-13, 2.01704e-11, 2.16334e-13, 6.27300e-12, 3.33988e-13, 1.01103e-11
2.86418e+05, 6.76297e-13, 2.11004e-11, 2.27968e-13, 6.56258e-12, 3.51753e-13, 1.05766e-11
2.95801e+05, 7.11338e-13, 2.20493e-11, 2.40046e-13, 6.85805e-12, 3.70172e-13, 1.10526e-11
3.05492e+05, 7.47549e-13, 2.30159e-11, 2.52565e-13, 7.15913e-12, 3.89233e-13, 1.15374e-11
3.15500e+05, 7.84907e-13, 2.39985e-11, 2.65526e-13, 7.46527e-12, 4.08929e-13, 1.20303e-11
3.25837e+05, 8.23470e-13, 2.49951e-11, 2.78949e-13, 7.77581e-12, 4.29293e-13, 1.25303e-11
3.36512e+05, 8.63363e-13, 2.60050e-11, 2.92877e-13, 8.09058e-12, 4.50391e-13, 1.30370e-11
3.47536e+05, 9.04492e-13, 2.70292e-11, 3.07294e-13, 8.40991e-12, 4.72182e-13, 1.35509e-11
3.58922e+05, 9.46866e-13, 2.80697e-11, 3.22203e-13, 8.73433e-12, 4.94675e-13, 1.40730e-11
3.70681e+05, 9.90455e-13, 2.91217e-11, 3.37605e-13, 9.06249e-12, 5.17858e-13, 1.46010e-11
3.82825e+05, 1.03513e-12, 3.01742e-11, 3.53462e-13, 9.39092e-12, 5.41673e-13, 1.51295e-11
3.95367e+05, 1.08095e-12, 3.12250e-11, 3.69801e-13, 9.71895e-12, 5.66150e-13, 1.56570e-11
4.08319e+05, 1.12793e-12, 3.22757e-11, 3.86639e-13, 1.00471e-11, 5.91313e-13, 1.61847e-11
4.21697e+05, 1.17622e-12, 3.33270e-11, 4.04031e-13, 1.03755e-11, 6.17235e-13, 1.67128e-11
4.35512e+05, 1.22590e-12, 3.43747e-11, 4.22009e-13, 1.07030e-11, 6.43966e-13, 1.72391e-11
4.49780e+05, 1.27676e-12, 3.54157e-11, 4.40518e-13, 1.10286e-11, 6.71406e-13, 1.77622e-11
4.64515e+05, 1.32882e-12, 3.64464e-11, 4.59581e-13, 1.13512e-11, 6.99577e-13, 1.82803e-11
4.79733e+05, 1.38180e-12, 3.74591e-11, 4.79117e-13, 1.16683e-11, 7.28348e-13, 1.87894e-11
4.95450e+05, 1.43586e-12, 3.84517e-11, 4.99186e-13, 1.19794e-11, 7.57802e-13, 1.92888e-11
5.11682e+05, 1.49092e-12, 3.94305e-11, 5.19782e-13, 1.22864e-11, 7.87915e-13, 1.97812e-11
5.28445e+05, 1.54697e-12, 4.03911e-11, 5.40910e-13, 1.25881e-11, 8.18681e-13, 2.02649e-11
5.45758e+05, 1.60413e-12, 4.13329e-11, 5.62616e-13, 1.28841e-11, 8.50182e-13, 2.07391e-11
5.63638e+05, 1.66225e-12, 4.22456e-11, 5.84872e-13, 1.31714e-11, 8.82335e-13, 2.11992e-11
5.82103e+05, 1.72094e-12, 4.31204e-11, 6.07581e-13, 1.34471e-11, 9.14981e-13, 2.16402e-11
6.01174e+05, 1.78048e-12, 4.39684e-11, 6.30844e-13, 1.37148e-11, 9.48257e-13, 2.20682e-11
6.20869e+05, 1.84099e-12, 4.48067e-11, 6.54715e-13, 1.39799e-11, 9.82241e-13, 2.24916e-11
6.41210e+05, 1.90250e-12, 4.56278e-11, 6.79223e-13, 1.42399e-11, 1.01697e-12, 2.29065e-11
6.62217e+05, 1.96459e-12, 4.64280e-11, 7.04264e-13, 1.44936e-11, 1.05224e-12, 2.33110e-11
6.83912e+05, 2.02678e-12, 4.72066e-11, 7.29725e-13, 1.47412e-11, 1.08784e-12, 2.37053e-11
7.06318e+05, 2.08904e-12, 4.79475e-11, 7.55599e-13, 1.49773e-11, 1.12376e-12, 2.40808e-11
7.29458e+05, 2.15114e-12, 4.86299e-11, 7.81849e-13, 1.51958e-11, 1.15990e-12, 2.44274e-11
7.53356e+05, 2.21380e-12, 4.92623e-11, 8.08711e-13, 1.53992e-11, 1.19665e-12, 2.47492e-11
7.78037e+05, 2.27711e-12, 4.98599e-11, 8.36249e-13, 1.55923e-11, 1.23406e-12, 2.50540e-11
8.03526e+05, 2.34099e-12, 5.04073e-11, 8.64479e-13, 1.57702e-11, 1.27214e-12, 2.53340e-11
8.29851e+05, 2.40528e-12, 5.09010e-11, 8.93381e-13, 1.59320e-11, 1.31080e-12, 2.55874e-11
8.57038e+05, 2.46946e-12, 5.13209e-11, 9.22805e-13, 1.60714e-11, 1.34983e-12, 2.58042e-11
8.85116e+05, 2.53309e-12, 5.16700e-11, 9.52647e-13, 1.61895e-11, 1.38899e-12, 2.59861e-11
9.14113e+05, 2.59656e-12, 5.19402e-11, 9.83086e-13, 1.62837e-11, 1.42855e-12, 2.61289e-11
9.44061e+05, 2.66071e-12, 5.21647e-11, 1.01442e-12, 1.63644e-11, 1.46895e-12, 2.62492e-11
9.74990e+05, 2.72558e-12, 5.23481e-11, 1.04668e-12, 1.64330e-11, 1.51021e-12, 2.63496e-11
1.00693e+06, 2.79053e-12, 5.24977e-11, 1.07972e-12, 1.64918e-11, 1.55205e-12, 2.64335e-11
1.03992e+06, 2.85518e-12, 5.25956e-11, 1.11345e-12, 1.65354e-11, 1.59431e-12, 2.64921e-11
1.07399e+06, 2.91886e-12, 5.26196e-11, 1.14771e-12, 1.65570e-11, 1.63670e-12, 2.65143e-11
1.10917e+06, 2.98100e-12, 5.25463e-11, 1.18240e-12, 1.65492e-11, 1.67897e-12, 2.64884e-11
1.14551e+06, 3.04261e-12, 5.23987e-11, 1.21784e-12, 1.65194e-11, 1.72163e-12, 2.64260e-11
1.18304e+06, 3.10506e-12, 5.22135e-11, 1.25454e-12, 1.64788e-11, 1.76543e-12, 2.63456e-11
1.22180e+06, 3.16822e-12, 5.19918e-11, 1.29253e-12, 1.64278e-11, 1.81036e-12, 2.62475e-11
1.26183e+06, 3.23141e-12, 5.17183e-11, 1.33162e-12, 1.63620e-11, 1.85611e-12, 2.61242e-11
1.30317e+06, 3.29404e-12, 5.13821e-11, 1.37171e-12, 1.62777e-11, 1.90241e-12, 2.59704e-11
1.34586e+06, 3.35570e-12, 5.09691e-11, 1.41278e-12, 1.61709e-11, 1.94917e-12, 2.57792e-11
1.38995e+06, 3.41563e-12, 5.04458e-11, 1.45465e-12, 1.60312e-11, 1.99602e-12, 2.55333e-11
1.43549e+06, 3.47490e-12, 4.98585e-11, 1.49775e-12, 1.58730e-11, 2.04358e-12, 2.52568e-11
1.48252e+06, 3.53409e-12, 4.92490e-11, 1.54226e-12, 1.57092e-11, 2.09214e-12, 2.49698e-11
1.53109e+06, 3.59313e-12, 4.85963e-11, 1.58830e-12, 1.55337e-11, 2.14176e-12, 2.46627e-11
1.58125e+06, 3.65190e-12, 4.78770e-11, 1.63595e-12, 1.53389e-11, 2.19247e-12, 2.43230e-11
1.63305e+06, 3.70983e-12, 4.70723e-11, 1.68506e-12, 1.51194e-11, 2.24401e-12, 2.39419e-11
1.68655e+06, 3.76693e-12, 4.61607e-11, 1.73576e-12, 1.48684e-11, 2.29647e-12, 2.35084e-11
1.74181e+06, 3.82194e-12, 4.51347e-11, 1.78773e-12, 1.45837e-11, 2.34928e-12, 2.30191e-11
1.79887e+06, 3.87717e-12, 4.40766e-11, 1.84189e-12, 1.42909e-11, 2.40372e-12, 2.25150e-11
1.85780e+06, 3.93397e-12, 4.30335e-11, 1.89876e-12, 1.40050e-11, 2.46056e-12, 2.20200e-11
1.91867e+06, 3.99206e-12, 4.19801e-11, 1.95835e-12, 1.37180e-11, 2.51974e-12, 2.15213e-11
1.98153e+06, 4.05049e-12, 4.08939e-11, 2.02050e-12, 1.34232e-11, 2.58084e-12, 2.10081e-11
2.04644e+06, 4.10829e-12, 3.97454e-11, 2.08503e-12, 1.31116e-11, 2.64350e-12, 2.04654e-11
2.11349e+06, 4.16445e-12, 3.85084e-11, 2.15170e-12, 1.27752e-11, 2.70727e-12, 1.98803e-11
2.18273e+06, 4.21772e-12, 3.71583e-11, 2.22031e-12, 1.24064e-11, 2.77162e-12, 1.92406e-11
2.25424e+06, 4.27291e-12, 3.58147e-11, 2.29247e-12, 1.20426e-11, 2.83909e-12, 1.86062e-11
2.32809e+06, 4.33227e-12, 3.45053e-11, 2.36910e-12, 1.16925e-11, 2.91094e-12, 1.79912e-11
2.40436e+06, 4.39484e-12, 3.32181e-11, 2.45008e-12, 1.13525e-11, 2.98682e-12, 1.73896e-11
2.48313e+06, 4.45925e-12, 3.19287e-11, 2.53507e-12, 1.10151e-11, 3.06612e-12, 1.67894e-11
2.56448e+06, 4.52451e-12, 3.06083e-11, 2.62402e-12, 1.06716e-11, 3.14851e-12, 1.61761e-11
2.64850e+06, 4.58906e-12, 2.92472e-11, 2.71664e-12, 1.03192e-11, 3.23336e-12, 1.55452e-11
2.73527e+06, 4.65228e-12, 2.78041e-11, 2.81291e-12, 9.94511e-12, 3.32049e-12, 1.48760e-11
2.82488e+06, 4.71938e-12, 2.63917e-11, 2.91458e-12, 9.58460e-12, 3.41260e-12, 1.42250e-11
2.91743e+06, 4.79303e-12, 2.50552e-11, 3.02262e-12, 9.25177e-12, 3.51113e-12, 1.36150e-11
3.01301e+06, 4.87220e-12, 2.37724e-11, 3.13692e-12, 8.94001e-12, 3.61571e-12, 1.30351e-11
3.11172e+06, 4.95633e-12, 2.25314e-11, 3.25754e-12, 8.64584e-12, 3.72624e-12, 1.24795e-11
3.21366e+06, 5.04421e-12, 2.13130e-11, 3.38429e-12, 8.36352e-12, 3.84223e-12, 1.19386e-11
3.31894e+06, 5.13459e-12, 2.00980e-11, 3.51701e-12, 8.08725e-12, 3.96323e-12, 1.14032e-11
3.42768e+06, 5.22692e-12, 1.88774e-11, 3.65570e-12, 7.81452e-12, 4.08910e-12, 1.08687e-11
3.53997e+06, 5.32630e-12, 1.77187e-11, 3.80216e-12, 7.56655e-12, 4.22254e-12, 1.03692e-11
3.65595e+06, 5.43573e-12, 1.66520e-11, 3.95788e-12, 7.35278e-12, 4.36544e-12, 9.91994e-12
3.77572e+06, 5.55437e-12, 1.56620e-11, 4.12271e-12, 7.16862e-12, 4.51750e-12, 9.51328e-12
3.89942e+06, 5.68117e-12, 1.47316e-11, 4.29662e-12, 7.00897e-12, 4.67836e-12, 9.14076e-12
4.02717e+06, 5.81558e-12, 1.38539e-11, 4.47958e-12, 6.87213e-12, 4.84790e-12, 8.79935e-12
4.15911e+06, 5.95706e-12, 1.30139e-11, 4.67189e-12, 6.75346e-12, 5.02614e-12, 8.48147e-12
4.29536e+06, 6.10404e-12, 1.22037e-11, 4.87315e-12, 6.65104e-12, 5.21238e-12, 8.18360e-12
4.43609e+06, 6.26243e-12, 1.14629e-11, 5.08541e-12, 6.57747e-12, 5.40972e-12, 7.92578e-12
4.58142e+06, 6.43377e-12, 1.07930e-11, 5.30986e-12, 6.53362e-12, 5.61948e-12, 7.70900e-12
4.73151e+06, 6.61810e-12, 1.01908e-11, 5.54663e-12, 6.51871e-12, 5.84173e-12, 7.53191e-12
4.88652e+06, 6.81402e-12, 9.65287e-12, 5.79532e-12, 6.53150e-12, 6.07581e-12, 7.39262e-12
5.04661e+06, 7.02072e-12, 9.17086e-12, 6.05644e-12, 6.56960e-12, 6.32188e-12, 7.28705e-12
5.21195e+06, 7.23829e-12, 8.74450e-12, 6.33029e-12, 6.63353e-12, 6.58014e-12, 7.21558e-12
5.38270e+06, 7.46625e-12, 8.36287e-12, 6.61724e-12, 6.71990e-12, 6.85074e-12, 7.17267e-12
5.55904e+06, 7.70874e-12, 8.04135e-12, 6.91894e-12, 6.83367e-12, 7.13606e-12, 7.16622e-12
5.74116e+06, 7.96750e-12, 7.77879e-12, 7.23551e-12, 6.97503e-12, 7.43663e-12, 7.19598e-12
5.92925e+06, 8.24208e-12, 7.57149e-12, 7.56735e-12, 7.14338e-12, 7.75258e-12, 7.26056e-12
6.12350e+06, 8.53337e-12, 7.41815e-12, 7.91500e-12, 7.33923e-12, 8.08460e-12, 7.35996e-12
6.32412e+06, 8.84000e-12, 7.31681e-12, 8.27768e-12, 7.56248e-12, 8.43175e-12, 7.49351e-12
6.53131e+06, 9.16089e-12, 7.26329e-12, 8.65512e-12, 7.81178e-12, 8.79353e-12, 7.65914e-12
6.74528e+06, 9.49723e-12, 7.25861e-12, 9.04804e-12, 8.08651e-12, 9.17076e-12, 7.85667e-12
6.96627e+06, 9.85222e-12, 7.30106e-12, 9.45844e-12, 8.38796e-12, 9.56580e-12, 8.08655e-12
7.19449e+06, 1.02265e-11, 7.37985e-12, 9.88725e-12, 8.71218e-12, 9.97954e-12, 8.34295e-12
7.43019e+06, 1.06193e-11, 7.49452e-12, 1.03348e-11, 9.05972e-12, 1.04119e-11, 8.62612e-12
7.67361e+06, 1.10310e-11, 7.64091e-12, 1.08024e-11, 9.43007e-12, 1.08639e-11, 8.93455e-12
7.92501e+06, 1.14633e-11, 7.81860e-12, 1.12901e-11, 9.82232e-12, 1.13363e-11, 9.26750e-12
8.18465e+06, 1.19162e-11, 8.02658e-12, 1.17982e-11, 1.02360e-11, 1.18291e-11, 9.62431e-12
8.45279e+06, 1.23882e-11, 8.26434e-12, 1.23255e-11, 1.06727e-11, 1.23410e-11, 1.00060e-11
8.72971e+06, 1.28820e-11, 8.52835e-12, 1.28733e-11, 1.11311e-11, 1.28739e-11, 1.04106e-11
9.01571e+06, 1.33985e-11, 8.80941e-12, 1.34429e-11, 1.16090e-11, 1.34286e-11, 1.08341e-11
9.31108e+06, 1.39379e-11, 9.10639e-12, 1.40338e-11, 1.21061e-11, 1.40053e-11, 1.12759e-11
9.61612e+06, 1.44984e-11, 9.41835e-12, 1.46452e-11, 1.26207e-11, 1.46025e-11, 1.17345e-11
9.93116e+06, 1.50780e-11, 9.74428e-12, 1.52774e-11, 1.31527e-11, 1.52200e-11, 1.22094e-11
1.02565e+07, 1.56767e-11, 1.00843e-11, 1.59300e-11, 1.37040e-11, 1.58576e-11, 1.27023e-11
1.05925e+07, 1.62942e-11, 1.04375e-11, 1.66033e-11, 1.42748e-11, 1.65155e-11, 1.32130e-11
1.09396e+07, 1.69334e-11, 1.08035e-11, 1.72979e-11, 1.48637e-11, 1.71947e-11, 1.37402e-11
1.12980e+07, 1.75951e-11, 1.11812e-11, 1.80144e-11, 1.54710e-11, 1.78960e-11, 1.42840e-11
1.16681e+07, 1.82794e-11, 1.15692e-11, 1.87524e-11, 1.60967e-11, 1.86190e-11, 1.48439e-11
1.20504e+07, 1.89871e-11, 1.19680e-11, 1.95119e-11, 1.67399e-11, 1.93641e-11, 1.54195e-11
1.24451e+07, 1.97151e-11, 1.23772e-11, 2.02909e-11, 1.74013e-11, 2.01289e-11, 1.60113e-11
1.28529e+07, 2.04626e-11, 1.27953e-11, 2.10896e-11, 1.80814e-11, 2.09134e-11, 1.66187e-11
1.32739e+07, 2.12305e-11, 1.32214e-11, 2.19111e-11, 1.87756e-11, 2.17199e-11, 1.72389e-11
1.37088e+07, 2.20180e-11, 1.36569e-11, 2.27517e-11, 1.94870e-11, 2.25456e-11, 1.78740e-11
1.41579e+07, 2.28252e-11, 1.41013e-11, 2.36114e-11, 2.02143e-11, 2.33908e-11, 1.85230e-11
1.46218e+07, 2.36502e-11, 1.45544e-11, 2.44910e-11, 2.09579e-11, 2.42552e-11, 1.91863e-11
1.51008e+07, 2.44957e-11, 1.50154e-11, 2.53933e-11, 2.17181e-11, 2.51417e-11, 1.98638e-11
1.55955e+07, 2.53643e-11, 1.54836e-11, 2.63170e-11, 2.24940e-11, 2.60501e-11, 2.05546e-11
1.61065e+07, 2.62570e-11, 1.59572e-11, 2.72622e-11, 2.32809e-11, 2.69805e-11, 2.12548e-11
1.66341e+07, 2.71695e-11, 1.64357e-11, 2.82261e-11, 2.40807e-11, 2.79301e-11, 2.19658e-11
1.71791e+07, 2.81023e-11, 1.69199e-11, 2.92097e-11, 2.48932e-11, 2.88996e-11, 2.26875e-11
1.77419e+07, 2.90532e-11, 1.74100e-11, 3.02108e-11, 2.57193e-11, 2.98867e-11, 2.34207e-11
1.83231e+07, 3.00216e-11, 1.79049e-11, 3.12249e-11, 2.65560e-11, 3.08880e-11, 2.41628e-11
1.89234e+07, 3.10031e-11, 1.84040e-11, 3.22478e-11, 2.74030e-11, 3.18993e-11, 2.49136e-11
1.95434e+07, 3.19980e-11, 1.89082e-11, 3.32830e-11, 2.82642e-11, 3.29232e-11, 2.56761e-11
2.01837e+07, 3.30050e-11, 1.94170e-11, 3.43300e-11, 2.91403e-11, 3.39590e-11, 2.64506e-11
2.08449e+07, 3.40231e-11, 1.99298e-11, 3.53837e-11, 3.00307e-11, 3.50027e-11, 2.72367e-11
2.15278e+07, 3.50522e-11, 2.04442e-11, 3.64458e-11, 3.09293e-11, 3.60556e-11, 2.80290e-11
2.22331e+07, 3.60888e-11, 2.09589e-11, 3.75111e-11, 3.18320e-11, 3.71128e-11, 2.88244e-11
2.29615e+07, 3.71326e-11, 2.14748e-11, 3.85805e-11, 3.27403e-11, 3.81749e-11, 2.96242e-11
2.37137e+07, 3.81813e-11, 2.19924e-11, 3.96526e-11, 3.36557e-11, 3.92404e-11, 3.04296e-11
2.44906e+07, 3.92343e-11, 2.25081e-11, 4.07250e-11, 3.45737e-11, 4.03072e-11, 3.12363e-11
2.52930e+07, 4.02890e-11, 2.30213e-11, 4.17963e-11, 3.54931e-11, 4.13739e-11, 3.20434e-11
2.61216e+07, 4.13445e-11, 2.35290e-11, 4.28642e-11, 3.64105e-11, 4.24382e-11, 3.28476e-11
2.69774e+07, 4.23943e-11, 2.40327e-11, 4.39209e-11, 3.73272e-11, 4.34929e-11, 3.36501e-11
2.78612e+07, 4.34350e-11, 2.45298e-11, 4.49625e-11, 3.82378e-11, 4.45341e-11, 3.44463e-11
2.87740e+07, 4.44650e-11, 2.50191e-11, 4.59904e-11, 3.91423e-11, 4.55624e-11, 3.52360e-11
2.97167e+07, 4.54840e-11, 2.55000e-11, 4.70046e-11, 4.00398e-11, 4.65777e-11, 3.60183e-11
3.06902e+07, 4.64919e-11, 2.59706e-11, 4.80020e-11, 4.09260e-11, 4.75779e-11, 3.67896e-11
3.16957e+07, 4.74852e-11, 2.64299e-11, 4.89783e-11, 4.17987e-11, 4.85588e-11, 3.75481e-11
3.27341e+07, 4.84653e-11, 2.68775e-11, 4.99357e-11, 4.26576e-11, 4.95223e-11, 3.82932e-11
3.38065e+07, 4.94241e-11, 2.73121e-11, 5.08639e-11, 4.34991e-11, 5.04587e-11, 3.90222e-11
3.49140e+07, 5.03516e-11, 2.77307e-11, 5.17560e-11, 4.43204e-11, 5.13605e-11, 3.97321e-11
3.60579e+07, 5.12464e-11, 2.81328e-11, 5.26070e-11, 4.51217e-11, 5.22235e-11, 4.04231e-11
3.72392e+07, 5.21108e-11, 2.85177e-11, 5.34167e-11, 4.58989e-11, 5.30481e-11, 4.10918e-11
3.84592e+07, 5.29435e-11, 2.88885e-11, 5.41848e-11, 4.66560e-11, 5.38340e-11, 4.17421e-11
3.97192e+07, 5.37454e-11, 2.92440e-11, 5.49103e-11, 4.73961e-11, 5.45805e-11, 4.23759e-11
4.10204e+07, 5.45129e-11, 2.95837e-11, 5.55909e-11, 4.81150e-11, 5.52851e-11, 4.29901e-11
4.23643e+07, 5.52475e-11, 2.99027e-11, 5.62289e-11, 4.88044e-11, 5.59497e-11, 4.35769e-11
4.37522e+07, 5.59325e-11, 3.01969e-11, 5.68080e-11, 4.94536e-11, 5.65580e-11, 4.41280e-11
4.51856e+07, 5.65668e-11, 3.04674e-11, 5.73281e-11, 5.00621e-11, 5.71093e-11, 4.46432e-11
4.66659e+07, 5.71516e-11, 3.07194e-11, 5.77914e-11, 5.06381e-11, 5.76061e-11, 4.51296e-11
4.81948e+07, 5.76910e-11, 3.09488e-11, 5.82004e-11, 5.11769e-11, 5.80511e-11, 4.55828e-11
4.97737e+07, 5.81875e-11, 3.11573e-11, 5.85605e-11, 5.16783e-11, 5.84490e-11, 4.60033e-11
5.14044e+07, 5.86364e-11, 3.13420e-11, 5.88687e-11, 5.21436e-11, 5.87957e-11, 4.63910e-11
5.30884e+07, 5.90205e-11, 3.15001e-11, 5.91107e-11, 5.25673e-11, 5.90773e-11, 4.67412e-11
5.48277e+07, 5.93348e-11, 3.16249e-11, 5.92768e-11, 5.29359e-11, 5.92839e-11, 4.70426e-11
5.66239e+07, 5.95830e-11, 3.17173e-11, 5.93709e-11, 5.32478e-11, 5.94209e-11, 4.72937e-11
5.84790e+07, 5.97733e-11, 3.17798e-11, 5.94076e-11, 5.35086e-11, 5.94999e-11, 4.74997e-11
6.03949e+07, 5.99118e-11, 3.18178e-11, 5.93893e-11, 5.37296e-11, 5.95249e-11, 4.76702e-11
6.23735e+07, 5.99897e-11, 3.18238e-11, 5.93066e-11, 5.38943e-11, 5.94868e-11, 4.77909e-11
6.44169e+07, 6.00199e-11, 3.18048e-11, 5.91756e-11, 5.40148e-11, 5.94003e-11, 4.78728e-11
6.65273e+07, 5.99828e-11, 3.17523e-11, 5.89744e-11, 5.40757e-11, 5.92440e-11, 4.79024e-11
6.87068e+07, 5.98560e-11, 3.16590e-11, 5.86761e-11, 5.40652e-11, 5.89933e-11, 4.78691e-11
7.09578e+07, 5.96558e-11, 3.15336e-11, 5.83024e-11, 5.40000e-11, 5.86679e-11, 4.77873e-11
7.32825e+07, 5.93880e-11, 3.13773e-11, 5.78570e-11, 5.38817e-11, 5.82715e-11, 4.76584e-11
7.56833e+07, 5.90599e-11, 3.11961e-11, 5.73525e-11, 5.37182e-11, 5.78157e-11, 4.74902e-11
7.81628e+07, 5.86811e-11, 3.09895e-11, 5.68017e-11, 5.35125e-11, 5.73124e-11, 4.72842e-11
8.07235e+07, 5.82520e-11, 3.07502e-11, 5.62010e-11, 5.32482e-11, 5.67592e-11, 4.70269e-11
8.33681e+07, 5.77746e-11, 3.04791e-11, 5.55515e-11, 5.29248e-11, 5.61573e-11, 4.67179e-11
8.60994e+07, 5.72159e-11, 3.01691e-11, 5.48202e-11, 5.25290e-11, 5.54738e-11, 4.63459e-11
8.89201e+07, 5.65871e-11, 2.98276e-11, 5.40241e-11, 5.20750e-11, 5.47241e-11, 4.59231e-11
9.18333e+07, 5.58981e-11, 2.94617e-11, 5.31711e-11, 5.15730e-11, 5.39164e-11, 4.54587e-11
9.48418e+07, 5.51606e-11, 2.90685e-11, 5.22755e-11, 5.10160e-11, 5.30646e-11, 4.49471e-11
9.79490e+07, 5.43867e-11, 2.86590e-11, 5.13528e-11, 5.04252e-11, 5.21832e-11, 4.44064e-11
1.01158e+08, 5.35709e-11, 2.82299e-11, 5.03945e-11, 4.97990e-11, 5.12644e-11, 4.38348e-11
1.04472e+08, 5.27017e-11, 2.77773e-11, 4.93906e-11, 4.91325e-11, 5.02978e-11, 4.32274e-11
1.07895e+08, 5.17701e-11, 2.72911e-11, 4.83364e-11, 4.84028e-11, 4.92776e-11, 4.25651e-11
1.11429e+08, 5.07861e-11, 2.67773e-11, 4.72390e-11, 4.76147e-11, 4.82118e-11, 4.18528e-11
1.15080e+08, 4.97752e-11, 2.62432e-11, 4.61288e-11, 4.67797e-11, 4.71290e-11, 4.11010e-11
1.18850e+08, 4.87373e-11, 2.56976e-11, 4.50033e-11, 4.59199e-11, 4.60280e-11, 4.03282e-11
1.22744e+08, 4.76700e-11, 2.51360e-11, 4.38480e-11, 4.50251e-11, 4.48970e-11, 3.95255e-11
1.26765e+08, 4.65906e-11, 2.45733e-11, 4.26839e-11, 4.41266e-11, 4.37567e-11, 3.87199e-11
1.30918e+08, 4.54737e-11, 2.39950e-11, 4.14896e-11, 4.31943e-11, 4.25838e-11, 3.78855e-11
1.35207e+08, 4.43014e-11, 2.33898e-11, 4.02540e-11, 4.22067e-11, 4.13658e-11, 3.70037e-11
1.39637e+08, 4.31045e-11, 2.27704e-11, 3.90041e-11, 4.11891e-11, 4.01308e-11, 3.60962e-11
1.44212e+08, 4.18867e-11, 2.21419e-11, 3.77439e-11, 4.01521e-11, 3.88825e-11, 3.51722e-11
1.48936e+08, 4.06605e-11, 2.15111e-11, 3.64851e-11, 3.91047e-11, 3.76328e-11, 3.42401e-11
1.53815e+08, 3.94367e-11, 2.08799e-11, 3.52389e-11, 3.80541e-11, 3.63931e-11, 3.33053e-11
1.58855e+08, 3.82037e-11, 2.02418e-11, 3.39914e-11, 3.69834e-11, 3.51497e-11, 3.23541e-11
1.64059e+08, 3.69684e-11, 1.96042e-11, 3.27496e-11, 3.59072e-11, 3.39101e-11, 3.13993e-11
1.69434e+08, 3.57082e-11, 1.89541e-11, 3.14924e-11, 3.48050e-11, 3.26520e-11, 3.04221e-11
1.74985e+08, 3.44434e-11, 1.83030e-11, 3.02422e-11, 3.36964e-11, 3.13979e-11, 2.94402e-11
1.80717e+08, 3.31896e-11, 1.76576e-11, 2.90113e-11, 3.25921e-11, 3.01610e-11, 2.84627e-11
1.86638e+08, 3.19504e-11, 1.70159e-11, 2.78015e-11, 3.14875e-11, 2.89433e-11, 2.74861e-11
1.92752e+08, 3.07345e-11, 1.63885e-11, 2.66214e-11, 3.04022e-11, 2.77535e-11, 2.65275e-11
1.99067e+08, 2.95296e-11, 1.57700e-11, 2.54582e-11, 2.93275e-11, 2.65789e-11, 2.55789e-11
2.05589e+08, 2.83364e-11, 1.51590e-11, 2.43142e-11, 2.82612e-11, 2.54215e-11, 2.46385e-11
2.12324e+08, 2.71456e-11, 1.45459e-11, 2.31806e-11, 2.71858e-11, 2.42722e-11, 2.36909e-11
2.19280e+08, 2.59683e-11, 1.39384e-11, 2.20687e-11, 2.61152e-11, 2.31424e-11, 2.27484e-11
2.26464e+08, 2.48201e-11, 1.33420e-11, 2.09885e-11, 2.50599e-11, 2.20436e-11, 2.18200e-11
2.33884e+08, 2.36993e-11, 1.27609e-11, 1.99403e-11, 2.40296e-11, 2.09755e-11, 2.09139e-11
2.41546e+08, 2.26030e-11, 1.21936e-11, 1.89187e-11, 2.30183e-11, 1.99334e-11, 2.00254e-11
2.49459e+08, 2.15348e-11, 1.16462e-11, 1.79268e-11, 2.20400e-11, 1.89206e-11, 1.91662e-11
2.57632e+08, 2.04844e-11, 1.11067e-11, 1.69599e-11, 2.10695e-11, 1.79308e-11, 1.83149e-11
2.66073e+08, 1.94476e-11, 1.05697e-11, 1.60150e-11, 2.00979e-11, 1.69606e-11, 1.74634e-11
2.74789e+08, 1.84387e-11, 1.00429e-11, 1.51005e-11, 1.91425e-11, 1.60203e-11, 1.66265e-11
2.83792e+08, 1.74582e-11, 9.52923e-12, 1.42150e-11, 1.82099e-11, 1.51086e-11, 1.58098e-11
2.93089e+08, 1.65078e-11, 9.03178e-12, 1.33601e-11, 1.73031e-11, 1.42275e-11, 1.50162e-11
3.02691e+08, 1.55872e-11, 8.54891e-12, 1.25387e-11, 1.64189e-11, 1.33787e-11, 1.42430e-11
3.12608e+08, 1.46891e-11, 8.07729e-12, 1.17450e-11, 1.55472e-11, 1.25564e-11, 1.34819e-11
3.22849e+08, 1.38213e-11, 7.62240e-12, 1.09827e-11, 1.47017e-11, 1.17651e-11, 1.27444e-11
3.33426e+08, 1.29759e-11, 7.17660e-12, 1.02427e-11, 1.38734e-11, 1.09960e-11, 1.20218e-11
3.44350e+08, 1.21662e-11, 6.74581e-12, 9.53546e-12, 1.30722e-11, 1.02606e-11, 1.13231e-11
3.55631e+08, 1.13899e-11, 6.33196e-12, 8.86397e-12, 1.23004e-11, 9.56028e-12, 1.06502e-11
3.67282e+08, 1.06447e-11, 5.93352e-12, 8.22434e-12, 1.15546e-11, 8.89159e-12, 1.00005e-11
3.79315e+08, 9.93244e-12, 5.55344e-12, 7.61717e-12, 1.08399e-11, 8.25548e-12, 9.37829e-12
3.91742e+08, 9.24795e-12, 5.19000e-12, 7.03896e-12, 1.01527e-11, 7.64801e-12, 8.78064e-12
4.04576e+08, 8.59471e-12, 4.84275e-12, 6.49371e-12, 9.49260e-12, 7.07301e-12, 8.20702e-12
4.17830e+08, 7.96958e-12, 4.50766e-12, 5.97656e-12, 8.85480e-12, 6.52612e-12, 7.65292e-12
4.31519e+08, 7.37400e-12, 4.18726e-12, 5.48766e-12, 8.24441e-12, 6.00782e-12, 7.12269e-12
4.45656e+08, 6.81159e-12, 3.88322e-12, 5.02806e-12, 7.66430e-12, 5.51990e-12, 6.61892e-12
4.60257e+08, 6.28259e-12, 3.59716e-12, 4.59994e-12, 7.11712e-12, 5.06398e-12, 6.14394e-12
4.75335e+08, 5.78577e-12, 3.32744e-12, 4.20222e-12, 6.59868e-12, 4.63894e-12, 5.69427e-12
4.90908e+08, 5.32208e-12, 3.07577e-12, 3.83566e-12, 6.11167e-12, 4.24562e-12, 5.27233e-12
5.06991e+08, 4.88895e-12, 2.84012e-12, 3.49836e-12, 5.65283e-12, 3.88190e-12, 4.87518e-12
5.23600e+08, 4.48086e-12, 2.61639e-12, 3.18297e-12, 5.21739e-12, 3.54095e-12, 4.49829e-12
5.40754e+08, 4.09874e-12, 2.40575e-12, 2.88939e-12, 4.80773e-12, 3.22295e-12, 4.14366e-12
5.58470e+08, 3.74185e-12, 2.20793e-12, 2.61651e-12, 4.42279e-12, 2.92693e-12, 3.81044e-12
5.76766e+08, 3.41039e-12, 2.02332e-12, 2.36521e-12, 4.06269e-12, 2.65352e-12, 3.49885e-12
5.95662e+08, 3.10363e-12, 1.85142e-12, 2.13570e-12, 3.72548e-12, 2.40271e-12, 3.20735e-12
6.15177e+08, 2.82148e-12, 1.69194e-12, 1.92815e-12, 3.40992e-12, 2.17458e-12, 2.93495e-12
6.35331e+08, 2.56462e-12, 1.54572e-12, 1.74131e-12, 3.11888e-12, 1.96844e-12, 2.68395e-12
6.56145e+08, 2.32483e-12, 1.40806e-12, 1.56681e-12, 2.84561e-12, 1.77593e-12, 2.44817e-12
6.77642e+08, 2.10256e-12, 1.27922e-12, 1.40532e-12, 2.58989e-12, 1.59767e-12, 2.22753e-12
6.99842e+08, 1.89707e-12, 1.15963e-12, 1.25773e-12, 2.35234e-12, 1.43412e-12, 2.02260e-12
7.22770e+08, 1.70710e-12, 1.04828e-12, 1.12242e-12, 2.13075e-12, 1.28373e-12, 1.83149e-12
7.46449e+08, 1.53287e-12, 9.46076e-13, 9.99616e-13, 1.92662e-12, 1.14674e-12, 1.65553e-12
7.70903e+08, 1.37334e-12, 8.52488e-13, 8.88886e-13, 1.73870e-12, 1.02255e-12, 1.49369e-12
7.96159e+08, 1.22856e-12, 7.67113e-13, 7.90157e-13, 1.56639e-12, 9.11120e-13, 1.34542e-12
8.22243e+08, 1.09397e-12, 6.87226e-13, 6.99038e-13, 1.40518e-12, 8.08009e-13, 1.20669e-12
8.49180e+08, 9.68918e-13, 6.13003e-13, 6.15153e-13, 1.25561e-12, 7.12765e-13, 1.07796e-12
8.77001e+08, 8.54427e-13, 5.44412e-13, 5.38296e-13, 1.11737e-12, 6.25526e-13, 9.58972e-13
9.05733e+08, 7.50877e-13, 4.81908e-13, 4.69339e-13, 9.90986e-13, 5.47025e-13, 8.50242e-13
9.35406e+08, 6.57697e-13, 4.25213e-13, 4.08075e-13, 8.75925e-13, 4.76956e-13, 7.51318e-13
9.66051e+08, 5.74876e-13, 3.74459e-13, 3.54721e-13, 7.72121e-13, 4.15471e-13, 6.62181e-13
9.97700e+08, 5.01591e-13, 3.29303e-13, 3.08146e-13, 6.79239e-13, 3.61527e-13, 5.82494e-13
1.03039e+09, 4.35107e-13, 2.87917e-13, 2.65795e-13, 5.94314e-13, 3.12516e-13, 5.09605e-13
1.06414e+09, 3.75552e-13, 2.50298e-13, 2.27749e-13, 5.17275e-13, 2.68535e-13, 4.43466e-13
1.09901e+09, 3.22122e-13, 2.16343e-13, 1.93982e-13, 4.47766e-13, 2.29343e-13, 3.83785e-13
1.13501e+09, 2.74920e-13, 1.86158e-13, 1.64364e-13, 3.86014e-13, 1.94874e-13, 3.30761e-13
1.17220e+09, 2.33895e-13, 1.59690e-13, 1.38950e-13, 3.31660e-13, 1.65151e-13, 2.84117e-13
1.21060e+09, 1.99185e-13, 1.37037e-13, 1.17830e-13, 2.84844e-13, 1.40281e-13, 2.43980e-13
1.25026e+09, 1.70224e-13, 1.17864e-13, 1.00499e-13, 2.44999e-13, 1.19741e-13, 2.09851e-13
1.29122e+09, 1.44450e-13, 1.00658e-13, 8.50629e-14, 2.09330e-13, 1.01452e-13, 1.79286e-13
1.33352e+09, 1.21543e-13, 8.52636e-14, 7.13518e-14, 1.77450e-13, 8.52031e-14, 1.51964e-13
1.37721e+09, 1.01749e-13, 7.18532e-14, 5.95166e-14, 1.49711e-13, 7.11715e-14, 1.28186e-13
1.42233e+09, 8.47379e-14, 6.02515e-14, 4.93727e-14, 1.25724e-13, 5.91325e-14, 1.07623e-13
1.46893e+09, 7.06159e-14, 5.05601e-14, 4.09997e-14, 1.05650e-13, 4.91731e-14, 9.04201e-14
1.51705e+09, 5.93384e-14, 4.27589e-14, 3.44028e-14, 8.94205e-14, 4.12843e-14, 7.65203e-14
1.56675e+09, 5.04513e-14, 3.65546e-14, 2.93346e-14, 7.64384e-14, 3.51623e-14, 6.54122e-14
1.61808e+09, 4.25394e-14, 3.10362e-14, 2.48328e-14, 6.49072e-14, 2.97195e-14, 5.55432e-14
1.67109e+09, 3.54631e-14, 2.61476e-14, 2.08284e-14, 5.47401e-14, 2.48671e-14, 4.68355e-14
1.72584e+09, 2.93149e-14, 2.18483e-14, 1.72715e-14, 4.58093e-14, 2.05951e-14, 3.91851e-14
1.78238e+09, 2.41220e-14, 1.81729e-14, 1.42581e-14, 3.81415e-14, 1.69802e-14, 3.26209e-14
1.84077e+09, 1.97973e-14, 1.50554e-14, 1.17544e-14, 3.16280e-14, 1.39740e-14, 2.70464e-14
1.90108e+09, 1.62844e-14, 1.24953e-14, 9.75704e-15, 2.62282e-14, 1.15583e-14, 2.24316e-14
1.96336e+09, 1.34776e-14, 1.04336e-14, 8.13458e-15, 2.18534e-14, 9.60900e-15, 1.86963e-14
2.02768e+09, 1.10643e-14, 8.61425e-15, 6.69368e-15, 1.80114e-14, 7.89980e-15, 1.54134e-14
2.09411e+09, 9.06720e-15, 7.02363e-15, 5.45091e-15, 1.46540e-14, 6.44886e-15, 1.25445e-14
2.16272e+09, 7.33203e-15, 5.65444e-15, 4.41643e-15, 1.17695e-14, 5.22101e-15, 1.00789e-14
2.23357e+09, 5.86316e-15, 4.50232e-15, 3.53654e-15, 9.36953e-15, 4.17857e-15, 8.02393e-15
2.30675e+09, 4.65152e-15, 3.56207e-15, 2.80957e-15, 7.40650e-15, 3.31787e-15, 6.34365e-15
2.38232e+09, 3.71852e-15, 2.84182e-15, 2.23641e-15, 5.90829e-15, 2.64541e-15, 5.06053e-15
2.46037e+09, 3.02191e-15, 2.28849e-15, 1.82111e-15, 4.75573e-15, 2.15248e-15, 4.07363e-15
2.54097e+09, 2.40004e-15, 1.81151e-15, 1.46853e-15, 3.76069e-15, 1.72558e-15, 3.22181e-15
2.62422e+09, 1.80173e-15, 1.39610e-15, 1.14866e-15, 2.89759e-15, 1.32885e-15, 2.48248e-15
2.71019e+09, 1.31747e-15, 1.04705e-15, 8.57674e-16, 2.17592e-15, 9.84533e-16, 1.86383e-15
2.79898e+09, 9.30340e-16, 7.62255e-16, 6.24579e-16, 1.57778e-15, 7.08933e-16, 1.35232e-15
2.89068e+09, 6.46098e-16, 5.47271e-16, 4.50992e-16, 1.12922e-15, 5.04810e-16, 9.68339e-16
2.98538e+09, 4.54566e-16, 4.00800e-16, 3.36141e-16, 8.21087e-16, 3.68798e-16, 7.04893e-16
3.08319e+09, 3.28728e-16, 3.06787e-16, 2.58300e-16, 6.21803e-16, 2.77713e-16, 5.34711e-16
3.18420e+09, 2.25448e-16, 2.28660e-16, 1.86759e-16, 4.59004e-16, 1.97417e-16, 3.95321e-16
3.28852e+09, 1.59244e-16, 1.67230e-16, 1.31216e-16, 3.33823e-16, 1.38938e-16, 2.87765e-16
3.39625e+09, 1.08696e-16, 1.19945e-16, 9.20663e-17, 2.37918e-16, 9.66455e-17, 2.05302e-16
3.50752e+09, 6.84958e-17, 8.39229e-17, 6.12640e-17, 1.67002e-16, 6.32524e-17, 1.44033e-16
3.62243e+09, 4.09039e-17, 5.71118e-17, 3.89448e-17, 1.14471e-16, 3.94801e-17, 9.86125e-17
3.74111e+09, 2.37166e-17, 3.87037e-17, 2.37149e-17, 7.75405e-17, 2.37119e-17, 6.68032e-17
3.86367e+09, 2.07080e-17, 2.93334e-17, 1.55048e-17, 5.86056e-17, 1.69395e-17, 5.05127e-17
3.99025e+09, 2.24791e-17, 2.16731e-17, 1.01950e-17, 4.31020e-17, 1.35861e-17, 3.71775e-17
4.12098e+09, 2.64952e-17, 1.39735e-17, 6.30207e-18, 2.53986e-17, 1.18781e-17, 2.22388e-17
4.25598e+09, 2.75394e-17, 7.71326e-18, 4.75772e-18, 1.11825e-17, 1.10489e-17, 1.02192e-17
4.39542e+09, 2.82032e-17, 3.32310e-18, 3.77245e-18, 2.77146e-18, 1.05192e-17, 2.96966e-18
4.53942e+09, 2.76074e-17, 1.56294e-18, 2.86995e-18, 6.34400e-20, 9.70152e-18, 1.30256e-19
4.68813e+09, 2.84842e-17, 3.14191e-18, 2.30032e-18, 4.80256e-18, 9.53142e-18, 4.38533e-18
4.84172e+09, 2.88534e-17, 4.76239e-18, 5.16837e-18, 1.02142e-17, 1.17089e-17, 8.70809e-18
5.00035e+09, 2.41141e-17, 6.02264e-18, 8.05697e-18, 1.38417e-17, 1.24913e-17, 1.16792e-17
5.16416e+09, 1.04818e-17, 6.66026e-18, 8.19430e-18, 1.69559e-17, 8.82484e-18, 1.41100e-17
5.33335e+09, 1.41209e-18, 6.52787e-18, 4.59927e-18, 1.82855e-17, 3.61973e-18, 1.50356e-17
5.50808e+09, 0.00000e+00, 5.73407e-18, 2.31977e-18, 1.56527e-17, 5.99596e-20, 1.29111e-17
5.68853e+09, 0.00000e+00, 4.32602e-18, 1.27215e-18, 1.21579e-17, 4.95950e-20, 9.99308e-18
5.87489e+09, 1.06026e-21, 2.18907e-18, 1.11141e-18, 6.24720e-18, 0.00000e+00, 5.12551e-18
6.06736e+09, 5.09228e-22, 2.48301e-19, 0.00000e+00, 6.23929e-19, 0.00000e+00, 5.20095e-19
6.26614e+09, 0.00000e+00, 0.00000e+00, 9.38885e-21, 0.00000e+00, 4.17811e-23, 0.00000e+00
6.47143e+09, 0.00000e+00, 0.00000e+00, 2.30636e-21, 0.00000e+00, 0.00000e+00, 0.00000e+00
6.68344e+09, 2.35222e-20, 2.50092e-22, 0.00000e+00, 5.75804e-22, 3.25534e-21, 4.85744e-22
6.90240e+09, 2.41360e-19, 4.74575e-23, 0.00000e+00, 1.08495e-22, 3.47111e-20, 9.14490e-23
7.12853e+09, 2.19762e-18, 0.00000e+00, 3.90710e-21, 0.00000e+00, 5.95416e-19, 0.00000e+00
7.36207e+09, 4.12997e-18, 0.00000e+00, 0.00000e+00, 0.00000e+00, 9.96669e-19, 0.00000e+00
7.60326e+09, 5.94446e-18, 2.29913e-21, 5.07074e-19, 4.96625e-21, 2.02201e-18, 4.15708e-21
7.85236e+09, 6.74734e-18, 1.06392e-20, 1.59061e-18, 2.32581e-20, 3.01565e-18, 1.94472e-20
8.10961e+09, 4.51689e-18, 7.84930e-20, 1.87086e-18, 4.26753e-19, 2.60103e-18, 3.34717e-19
8.37529e+09, 2.50328e-18, 0.00000e+00, 1.01095e-18, 2.17174e-19, 1.42294e-18, 1.22590e-19
8.64968e+09, 1.23887e-18, 1.07485e-21, 4.48179e-19, 0.00000e+00, 6.66510e-19, 0.00000e+00
8.93305e+09, 4.38250e-19, 2.47130e-23, 1.54503e-19, 0.00000e+00, 2.32867e-19, 0.00000e+00
9.22571e+09, 4.44960e-20, 9.95095e-23, 3.53052e-19, 6.05226e-22, 2.59891e-19, 4.37914e-22
9.52796e+09, 1.11044e-25, 2.34558e-26, 2.88181e-19, 5.97049e-26, 0.00000e+00, 4.95782e-26
9.84011e+09, 0.00000e+00, 0.00000e+00, 6.35177e-20, 0.00000e+00, 5.19398e-21, 0.00000e+00
