# Energy [GeV], E**2 Flux [GeV cm^-2] (nue anue numu anumu nutau anutau)
1.01625e+03, 1.88292e-13, 2.00010e-13, 1.74114e-13, 1.78735e-13, 1.71846e-13, 1.75787e-13
1.04954e+03, 1.91937e-13, 2.05660e-13, 1.77319e-13, 1.82988e-13, 1.74993e-13, 1.79888e-13
1.08393e+03, 1.95660e-13, 2.11309e-13, 1.80603e-13, 1.87270e-13, 1.78219e-13, 1.84019e-13
1.11944e+03, 1.99461e-13, 2.16960e-13, 1.83968e-13, 1.91579e-13, 1.81525e-13, 1.88181e-13
1.15611e+03, 2.03338e-13, 2.22616e-13, 1.87412e-13, 1.95917e-13, 1.84910e-13, 1.92373e-13
1.19399e+03, 2.07291e-13, 2.28281e-13, 1.90936e-13, 2.00285e-13, 1.88375e-13, 1.96597e-13
1.23310e+03, 2.11319e-13, 2.33963e-13, 1.94539e-13, 2.04686e-13, 1.91919e-13, 2.00854e-13
1.27350e+03, 2.15421e-13, 2.39671e-13, 1.98219e-13, 2.09122e-13, 1.95541e-13, 2.05149e-13
1.31522e+03, 2.19596e-13, 2.45417e-13, 2.01976e-13, 2.13599e-13, 1.99239e-13, 2.09484e-13
1.35831e+03, 2.23841e-13, 2.51217e-13, 2.05808e-13, 2.18123e-13, 2.03011e-13, 2.13865e-13
1.40281e+03, 2.28156e-13, 2.57092e-13, 2.09712e-13, 2.22702e-13, 2.06856e-13, 2.18298e-13
1.44877e+03, 2.32536e-13, 2.63066e-13, 2.13686e-13, 2.27345e-13, 2.10770e-13, 2.22793e-13
1.49624e+03, 2.36981e-13, 2.69168e-13, 2.17725e-13, 2.32065e-13, 2.14750e-13, 2.27359e-13
1.54525e+03, 2.41485e-13, 2.75435e-13, 2.21827e-13, 2.36877e-13, 2.18791e-13, 2.32010e-13
1.59588e+03, 2.46046e-13, 2.81909e-13, 2.25984e-13, 2.41798e-13, 2.22889e-13, 2.36761e-13
1.64816e+03, 2.50659e-13, 2.88641e-13, 2.30193e-13, 2.46851e-13, 2.27038e-13, 2.41631e-13
1.70216e+03, 2.55319e-13, 2.95692e-13, 2.34447e-13, 2.52061e-13, 2.31230e-13, 2.46642e-13
1.75792e+03, 2.60021e-13, 3.03130e-13, 2.38736e-13, 2.57458e-13, 2.35457e-13, 2.51820e-13
1.81552e+03, 2.64760e-13, 3.11034e-13, 2.43053e-13, 2.63075e-13, 2.39712e-13, 2.57195e-13
1.87499e+03, 2.69534e-13, 3.19436e-13, 2.47396e-13, 2.68926e-13, 2.43991e-13, 2.62779e-13
1.93642e+03, 2.74343e-13, 3.28326e-13, 2.51768e-13, 2.75009e-13, 2.48298e-13, 2.68568e-13
1.99986e+03, 2.79192e-13, 3.37690e-13, 2.56173e-13, 2.81315e-13, 2.52639e-13, 2.74557e-13
2.06538e+03, 2.84083e-13, 3.47506e-13, 2.60618e-13, 2.87837e-13, 2.57018e-13, 2.80738e-13
2.13304e+03, 2.89021e-13, 3.57743e-13, 2.65111e-13, 2.94562e-13, 2.61445e-13, 2.87102e-13
2.20293e+03, 2.94014e-13, 3.68360e-13, 2.69662e-13, 3.01475e-13, 2.65931e-13, 2.93633e-13
2.27510e+03, 2.99069e-13, 3.79309e-13, 2.74283e-13, 3.08555e-13, 2.70487e-13, 3.00317e-13
2.34963e+03, 3.04192e-13, 3.90584e-13, 2.78982e-13, 3.15803e-13, 2.75120e-13, 3.07152e-13
2.42661e+03, 3.09383e-13, 4.02236e-13, 2.83758e-13, 3.23241e-13, 2.79832e-13, 3.14159e-13
2.50611e+03, 3.14644e-13, 4.14326e-13, 2.88613e-13, 3.30898e-13, 2.84623e-13, 3.21364e-13
2.58821e+03, 3.19977e-13, 4.26926e-13, 2.93547e-13, 3.38808e-13, 2.89492e-13, 3.28796e-13
2.67301e+03, 3.25383e-13, 4.40118e-13, 2.98560e-13, 3.47009e-13, 2.94441e-13, 3.36491e-13
2.76058e+03, 3.30867e-13, 4.54001e-13, 3.03653e-13, 3.55548e-13, 2.99470e-13, 3.44488e-13
2.85102e+03, 3.36431e-13, 4.68683e-13, 3.08827e-13, 3.64476e-13, 3.04580e-13, 3.52834e-13
2.94442e+03, 3.42079e-13, 4.84245e-13, 3.14084e-13, 3.73831e-13, 3.09771e-13, 3.61563e-13
3.04089e+03, 3.47813e-13, 5.00705e-13, 3.19421e-13, 3.83619e-13, 3.15043e-13, 3.70681e-13
3.14051e+03, 3.53634e-13, 5.18070e-13, 3.24838e-13, 3.93842e-13, 3.20393e-13, 3.80187e-13
3.24340e+03, 3.59546e-13, 5.36341e-13, 3.30335e-13, 4.04499e-13, 3.25820e-13, 3.90081e-13
3.34965e+03, 3.65550e-13, 5.55514e-13, 3.35909e-13, 4.15585e-13, 3.31324e-13, 4.00358e-13
3.45939e+03, 3.71652e-13, 5.75573e-13, 3.41560e-13, 4.27090e-13, 3.36902e-13, 4.11008e-13
3.57273e+03, 3.77856e-13, 5.96494e-13, 3.47287e-13, 4.39001e-13, 3.42553e-13, 4.22020e-13
3.68978e+03, 3.84165e-13, 6.18279e-13, 3.53089e-13, 4.51315e-13, 3.48277e-13, 4.33391e-13
3.81066e+03, 3.90574e-13, 6.40997e-13, 3.58967e-13, 4.64062e-13, 3.54074e-13, 4.45146e-13
3.93550e+03, 3.97076e-13, 6.64740e-13, 3.64924e-13, 4.77281e-13, 3.59947e-13, 4.57319e-13
4.06443e+03, 4.03664e-13, 6.89609e-13, 3.70961e-13, 4.91016e-13, 3.65900e-13, 4.69949e-13
4.19759e+03, 4.10329e-13, 7.15720e-13, 3.77080e-13, 5.05316e-13, 3.71936e-13, 4.83077e-13
4.33511e+03, 4.17059e-13, 7.43202e-13, 3.83287e-13, 5.20238e-13, 3.78060e-13, 4.96755e-13
4.47713e+03, 4.23844e-13, 7.72201e-13, 3.89586e-13, 5.35844e-13, 3.84280e-13, 5.11036e-13
4.62381e+03, 4.30673e-13, 8.02856e-13, 3.95982e-13, 5.52196e-13, 3.90600e-13, 5.25976e-13
4.77529e+03, 4.37549e-13, 8.35231e-13, 4.02476e-13, 5.69325e-13, 3.97023e-13, 5.41600e-13
4.93174e+03, 4.44480e-13, 8.69374e-13, 4.09068e-13, 5.87254e-13, 4.03548e-13, 5.57930e-13
5.09331e+03, 4.51475e-13, 9.05324e-13, 4.15760e-13, 6.06004e-13, 4.10176e-13, 5.74986e-13
5.26017e+03, 4.58547e-13, 9.43117e-13, 4.22553e-13, 6.25596e-13, 4.16905e-13, 5.92786e-13
5.43250e+03, 4.65711e-13, 9.82780e-13, 4.29448e-13, 6.46048e-13, 4.23738e-13, 6.11348e-13
5.61048e+03, 4.72988e-13, 1.02433e-12, 4.36448e-13, 6.67376e-13, 4.30674e-13, 6.30688e-13
5.79429e+03, 4.80399e-13, 1.06780e-12, 4.43557e-13, 6.89603e-13, 4.37716e-13, 6.50827e-13
5.98412e+03, 4.87957e-13, 1.11338e-12, 4.50793e-13, 7.12808e-13, 4.44882e-13, 6.71835e-13
6.18016e+03, 4.95674e-13, 1.16131e-12, 4.58177e-13, 7.37098e-13, 4.52194e-13, 6.93804e-13
6.38263e+03, 5.03563e-13, 1.21187e-12, 4.65736e-13, 7.62595e-13, 4.59682e-13, 7.16842e-13
6.59174e+03, 5.11642e-13, 1.26539e-12, 4.73504e-13, 7.89436e-13, 4.67378e-13, 7.41067e-13
6.80769e+03, 5.19928e-13, 1.32223e-12, 4.81519e-13, 8.17776e-13, 4.75324e-13, 7.66615e-13
7.03072e+03, 5.28445e-13, 1.38280e-12, 4.89826e-13, 8.47791e-13, 4.83566e-13, 7.93639e-13
7.26106e+03, 5.37215e-13, 1.44754e-12, 4.98471e-13, 8.79669e-13, 4.92152e-13, 8.22301e-13
7.49894e+03, 5.46228e-13, 1.51670e-12, 5.07447e-13, 9.13507e-13, 5.01075e-13, 8.52687e-13
7.74462e+03, 5.55454e-13, 1.59039e-12, 5.16711e-13, 9.49359e-13, 5.10293e-13, 8.84842e-13
7.99834e+03, 5.64856e-13, 1.66873e-12, 5.26213e-13, 9.87267e-13, 5.19752e-13, 9.18803e-13
8.26038e+03, 5.74388e-13, 1.75181e-12, 5.35887e-13, 1.02727e-12, 5.29386e-13, 9.54599e-13
8.53100e+03, 5.83997e-13, 1.83971e-12, 5.45657e-13, 1.06939e-12, 5.39117e-13, 9.92253e-13
8.81049e+03, 5.93618e-13, 1.93248e-12, 5.55428e-13, 1.11364e-12, 5.48848e-13, 1.03177e-12
9.09913e+03, 6.03180e-13, 2.03014e-12, 5.65097e-13, 1.16003e-12, 5.58475e-13, 1.07316e-12
9.39723e+03, 6.12674e-13, 2.13287e-12, 5.74646e-13, 1.20864e-12, 5.67976e-13, 1.11650e-12
9.70510e+03, 6.22148e-13, 2.24099e-12, 5.84131e-13, 1.25961e-12, 5.77410e-13, 1.16190e-12
1.00231e+04, 6.31663e-13, 2.35483e-12, 5.93625e-13, 1.31311e-12, 5.86850e-13, 1.20952e-12
1.03514e+04, 6.41293e-13, 2.47475e-12, 6.03217e-13, 1.36931e-12, 5.96387e-13, 1.25952e-12
1.06905e+04, 6.51132e-13, 2.60115e-12, 6.13019e-13, 1.42839e-12, 6.06132e-13, 1.31205e-12
1.10408e+04, 6.61288e-13, 2.73443e-12, 6.23164e-13, 1.49058e-12, 6.16220e-13, 1.36731e-12
1.14025e+04, 6.71894e-13, 2.87503e-12, 6.33808e-13, 1.55608e-12, 6.26809e-13, 1.42550e-12
1.17761e+04, 6.83021e-13, 3.02324e-12, 6.45044e-13, 1.62503e-12, 6.37994e-13, 1.48674e-12
1.21619e+04, 6.94670e-13, 3.17913e-12, 6.56887e-13, 1.69745e-12, 6.49790e-13, 1.55105e-12
1.25603e+04, 7.06834e-13, 3.34272e-12, 6.69345e-13, 1.77335e-12, 6.62206e-13, 1.61841e-12
1.29718e+04, 7.19499e-13, 3.51398e-12, 6.82420e-13, 1.85269e-12, 6.75247e-13, 1.68881e-12
1.33968e+04, 7.32646e-13, 3.69280e-12, 6.96113e-13, 1.93540e-12, 6.88916e-13, 1.76217e-12
1.38357e+04, 7.46247e-13, 3.87901e-12, 7.10418e-13, 2.02138e-12, 7.03208e-13, 1.83841e-12
1.42889e+04, 7.60268e-13, 4.07234e-12, 7.25325e-13, 2.11049e-12, 7.18115e-13, 1.91738e-12
1.47571e+04, 7.74694e-13, 4.27310e-12, 7.40833e-13, 2.20284e-12, 7.33637e-13, 1.99920e-12
1.52405e+04, 7.89547e-13, 4.48264e-12, 7.56958e-13, 2.29904e-12, 7.49792e-13, 2.08439e-12
1.57398e+04, 8.04858e-13, 4.70259e-12, 7.73720e-13, 2.39983e-12, 7.66597e-13, 2.17360e-12
1.62555e+04, 8.20659e-13, 4.93489e-12, 7.91138e-13, 2.50607e-12, 7.84069e-13, 2.26759e-12
1.67880e+04, 8.36990e-13, 5.18174e-12, 8.09231e-13, 2.61875e-12, 8.02225e-13, 2.36724e-12
1.73380e+04, 8.53894e-13, 5.44571e-12, 8.28015e-13, 2.73903e-12, 8.21080e-13, 2.47357e-12
1.79061e+04, 8.71419e-13, 5.72975e-12, 8.47509e-13, 2.86824e-12, 8.40649e-13, 2.58774e-12
1.84927e+04, 8.89608e-13, 6.03610e-12, 8.67737e-13, 3.00739e-12, 8.60956e-13, 2.71066e-12
1.90985e+04, 9.08479e-13, 6.36471e-12, 8.88752e-13, 3.15647e-12, 8.82053e-13, 2.84231e-12
1.97242e+04, 9.28043e-13, 6.71494e-12, 9.10611e-13, 3.31521e-12, 9.04006e-13, 2.98245e-12
2.03704e+04, 9.48313e-13, 7.08586e-12, 9.33382e-13, 3.48319e-12, 9.26883e-13, 3.13073e-12
2.10378e+04, 9.69296e-13, 7.47611e-12, 9.57137e-13, 3.65982e-12, 9.50764e-13, 3.28663e-12
2.17270e+04, 9.90999e-13, 7.88391e-12, 9.81958e-13, 3.84432e-12, 9.75738e-13, 3.44946e-12
2.24388e+04, 1.01343e-12, 8.30698e-12, 1.00794e-12, 4.03570e-12, 1.00190e-12, 3.61835e-12
2.31739e+04, 1.03659e-12, 8.74311e-12, 1.03518e-12, 4.23298e-12, 1.02937e-12, 3.79245e-12
2.39332e+04, 1.06057e-12, 9.19194e-12, 1.06380e-12, 4.43599e-12, 1.05827e-12, 3.97160e-12
2.47172e+04, 1.08546e-12, 9.65346e-12, 1.09394e-12, 4.64467e-12, 1.08873e-12, 4.15574e-12
2.55270e+04, 1.11136e-12, 1.01276e-11, 1.12575e-12, 4.85897e-12, 1.12092e-12, 4.34483e-12
2.63633e+04, 1.13840e-12, 1.06142e-11, 1.15941e-12, 5.07878e-12, 1.15500e-12, 4.53874e-12
2.72270e+04, 1.16672e-12, 1.11131e-11, 1.19511e-12, 5.30393e-12, 1.19119e-12, 4.73733e-12
2.81190e+04, 1.19649e-12, 1.16240e-11, 1.23306e-12, 5.53424e-12, 1.22969e-12, 4.94042e-12
2.90402e+04, 1.22787e-12, 1.21465e-11, 1.27346e-12, 5.76954e-12, 1.27070e-12, 5.14785e-12
2.99916e+04, 1.26091e-12, 1.26815e-11, 1.31626e-12, 6.01019e-12, 1.31417e-12, 5.35994e-12
3.09742e+04, 1.29560e-12, 1.32302e-11, 1.36133e-12, 6.25679e-12, 1.35995e-12, 5.57724e-12
3.19890e+04, 1.33194e-12, 1.37937e-11, 1.40845e-12, 6.51006e-12, 1.40781e-12, 5.80041e-12
3.30370e+04, 1.36990e-12, 1.43739e-11, 1.45737e-12, 6.77082e-12, 1.45747e-12, 6.03018e-12
3.41193e+04, 1.40944e-12, 1.49724e-11, 1.50777e-12, 7.04005e-12, 1.50859e-12, 6.26747e-12
3.52371e+04, 1.45049e-12, 1.55914e-11, 1.55923e-12, 7.31887e-12, 1.56073e-12, 6.51328e-12
3.63915e+04, 1.49299e-12, 1.62331e-11, 1.61135e-12, 7.60846e-12, 1.61346e-12, 6.76871e-12
3.75837e+04, 1.53701e-12, 1.68979e-11, 1.66431e-12, 7.90903e-12, 1.66696e-12, 7.03391e-12
3.88150e+04, 1.58269e-12, 1.75850e-11, 1.71867e-12, 8.22016e-12, 1.72182e-12, 7.30854e-12
4.00867e+04, 1.63023e-12, 1.82936e-11, 1.77509e-12, 8.54131e-12, 1.77876e-12, 7.59209e-12
4.14000e+04, 1.67982e-12, 1.90222e-11, 1.83438e-12, 8.87176e-12, 1.83863e-12, 7.88389e-12
4.27563e+04, 1.73170e-12, 1.97690e-11, 1.89749e-12, 9.21059e-12, 1.90243e-12, 8.18311e-12
4.41570e+04, 1.78613e-12, 2.05321e-11, 1.96552e-12, 9.55664e-12, 1.97135e-12, 8.48869e-12
4.56037e+04, 1.84341e-12, 2.13087e-11, 2.03972e-12, 9.90855e-12, 2.04671e-12, 8.79939e-12
4.70977e+04, 1.90393e-12, 2.20965e-11, 2.12078e-12, 1.02653e-11, 2.12923e-12, 9.11430e-12
4.86407e+04, 1.96816e-12, 2.28935e-11, 2.20890e-12, 1.06261e-11, 2.21907e-12, 9.43276e-12
5.02343e+04, 2.03665e-12, 2.36970e-11, 2.30424e-12, 1.09900e-11, 2.31637e-12, 9.75400e-12
5.18800e+04, 2.11002e-12, 2.45041e-11, 2.40694e-12, 1.13559e-11, 2.42122e-12, 1.00771e-11
5.35797e+04, 2.18897e-12, 2.53113e-11, 2.51709e-12, 1.17227e-11, 2.53365e-12, 1.04011e-11
5.53350e+04, 2.27431e-12, 2.61145e-11, 2.63472e-12, 1.20888e-11, 2.65363e-12, 1.07248e-11
5.71479e+04, 2.36692e-12, 2.69090e-11, 2.75982e-12, 1.24526e-11, 2.78104e-12, 1.10468e-11
5.90201e+04, 2.46727e-12, 2.76918e-11, 2.89250e-12, 1.28131e-11, 2.91598e-12, 1.13662e-11
6.09537e+04, 2.57530e-12, 2.84617e-11, 3.03301e-12, 1.31697e-11, 3.05873e-12, 1.16826e-11
6.29506e+04, 2.69080e-12, 2.92179e-11, 3.18161e-12, 1.35221e-11, 3.20958e-12, 1.19957e-11
6.50130e+04, 2.81348e-12, 2.99594e-11, 3.33856e-12, 1.38700e-11, 3.36884e-12, 1.23052e-11
6.71429e+04, 2.94290e-12, 3.06858e-11, 3.50407e-12, 1.42131e-11, 3.53678e-12, 1.26110e-11
6.93426e+04, 3.07850e-12, 3.13966e-11, 3.67835e-12, 1.45513e-11, 3.71368e-12, 1.29128e-11
7.16143e+04, 3.21952e-12, 3.20917e-11, 3.86157e-12, 1.48845e-11, 3.89980e-12, 1.32107e-11
7.39605e+04, 3.36587e-12, 3.27713e-11, 4.05433e-12, 1.52129e-11, 4.09580e-12, 1.35048e-11
7.63836e+04, 3.51860e-12, 3.34362e-11, 4.25799e-12, 1.55368e-11, 4.30305e-12, 1.37953e-11
7.88860e+04, 3.67906e-12, 3.40877e-11, 4.47412e-12, 1.58568e-11, 4.52316e-12, 1.40830e-11
8.14704e+04, 3.84882e-12, 3.47273e-11, 4.70456e-12, 1.61739e-11, 4.75795e-12, 1.43685e-11
8.41395e+04, 4.02971e-12, 3.53576e-11, 4.95139e-12, 1.64892e-11, 5.00952e-12, 1.46529e-11
8.68960e+04, 4.22384e-12, 3.59819e-11, 5.21697e-12, 1.68042e-11, 5.28026e-12, 1.49376e-11
8.97429e+04, 4.43364e-12, 3.66041e-11, 5.50401e-12, 1.71209e-11, 5.57287e-12, 1.52243e-11
9.26830e+04, 4.66155e-12, 3.72266e-11, 5.81493e-12, 1.74404e-11, 5.88977e-12, 1.55140e-11
9.57194e+04, 4.90945e-12, 3.78458e-11, 6.15106e-12, 1.77620e-11, 6.23221e-12, 1.58063e-11
9.88553e+04, 5.17935e-12, 3.84568e-11, 6.51353e-12, 1.80841e-11, 6.60127e-12, 1.60999e-11
1.02094e+05, 5.47341e-12, 3.90536e-11, 6.90350e-12, 1.84053e-11, 6.99797e-12, 1.63938e-11
1.05439e+05, 5.79407e-12, 3.96294e-11, 7.32210e-12, 1.87235e-11, 7.42334e-12, 1.66865e-11
1.08893e+05, 6.14399e-12, 4.01766e-11, 7.77041e-12, 1.90367e-11, 7.87829e-12, 1.69763e-11
1.12460e+05, 6.52610e-12, 4.06859e-11, 8.24949e-12, 1.93424e-11, 8.36372e-12, 1.72615e-11
1.16145e+05, 6.94322e-12, 4.11509e-11, 8.76052e-12, 1.96391e-11, 8.88063e-12, 1.75409e-11
1.19950e+05, 7.39701e-12, 4.15764e-11, 9.30526e-12, 1.99297e-11, 9.43081e-12, 1.78174e-11
1.23880e+05, 7.88880e-12, 4.19720e-11, 9.88571e-12, 2.02189e-11, 1.00163e-11, 1.80952e-11
1.27938e+05, 8.41982e-12, 4.23493e-11, 1.05039e-11, 2.05125e-11, 1.06392e-11, 1.83795e-11
1.32130e+05, 8.99120e-12, 4.27232e-11, 1.11621e-11, 2.08176e-11, 1.13018e-11, 1.86767e-11
1.36458e+05, 9.60393e-12, 4.31114e-11, 1.18625e-11, 2.11427e-11, 1.20064e-11, 1.89941e-11
1.40929e+05, 1.02588e-11, 4.35358e-11, 1.26075e-11, 2.14978e-11, 1.27557e-11, 1.93408e-11
1.45546e+05, 1.09574e-11, 4.40173e-11, 1.34002e-11, 2.18930e-11, 1.35527e-11, 1.97260e-11
1.50314e+05, 1.17070e-11, 4.45561e-11, 1.42464e-11, 2.23310e-11, 1.44032e-11, 2.01521e-11
1.55239e+05, 1.25173e-11, 4.51438e-11, 1.51538e-11, 2.28111e-11, 1.53147e-11, 2.06196e-11
1.60325e+05, 1.34000e-11, 4.57695e-11, 1.61312e-11, 2.33323e-11, 1.62954e-11, 2.11283e-11
1.65577e+05, 1.43681e-11, 4.64196e-11, 1.71883e-11, 2.38931e-11, 1.73549e-11, 2.16778e-11
1.71002e+05, 1.54368e-11, 4.70776e-11, 1.83363e-11, 2.44911e-11, 1.85040e-11, 2.22669e-11
1.76604e+05, 1.66233e-11, 4.77236e-11, 1.95879e-11, 2.51230e-11, 1.97548e-11, 2.28941e-11
1.82390e+05, 1.79466e-11, 4.83367e-11, 2.09566e-11, 2.57860e-11, 2.11202e-11, 2.35580e-11
1.88365e+05, 1.94196e-11, 4.89191e-11, 2.24510e-11, 2.64863e-11, 2.26083e-11, 2.42654e-11
1.94536e+05, 2.10528e-11, 4.94868e-11, 2.40769e-11, 2.72361e-11, 2.42247e-11, 2.50279e-11
2.00909e+05, 2.28568e-11, 5.00598e-11, 2.58402e-11, 2.80498e-11, 2.59745e-11, 2.58595e-11
2.07491e+05, 2.48433e-11, 5.06623e-11, 2.77465e-11, 2.89443e-11, 2.78630e-11, 2.67761e-11
2.14289e+05, 2.70239e-11, 5.13234e-11, 2.98013e-11, 2.99391e-11, 2.98949e-11, 2.77964e-11
2.21309e+05, 2.94113e-11, 5.20779e-11, 3.20099e-11, 3.10570e-11, 3.20749e-11, 2.89418e-11
2.28560e+05, 3.20187e-11, 5.29649e-11, 3.43776e-11, 3.23233e-11, 3.44074e-11, 3.02362e-11
2.36048e+05, 3.48631e-11, 5.40026e-11, 3.69157e-11, 3.37538e-11, 3.69032e-11, 3.16952e-11
2.43781e+05, 3.79652e-11, 5.51914e-11, 3.96404e-11, 3.53565e-11, 3.95780e-11, 3.33274e-11
2.51768e+05, 4.13473e-11, 5.65296e-11, 4.25700e-11, 3.71391e-11, 4.24497e-11, 3.51413e-11
2.60016e+05, 4.50338e-11, 5.80139e-11, 4.57246e-11, 3.91089e-11, 4.55378e-11, 3.71452e-11
2.68534e+05, 4.90511e-11, 5.96382e-11, 4.91266e-11, 4.12730e-11, 4.88642e-11, 3.93474e-11
2.77332e+05, 5.34283e-11, 6.13941e-11, 5.28005e-11, 4.36379e-11, 5.24529e-11, 4.17557e-11
2.86418e+05, 5.81964e-11, 6.32706e-11, 5.67734e-11, 4.62098e-11, 5.63304e-11, 4.43778e-11
2.95801e+05, 6.33841e-11, 6.52674e-11, 6.10662e-11, 4.89993e-11, 6.05169e-11, 4.72253e-11
3.05492e+05, 6.90161e-11, 6.73981e-11, 6.56926e-11, 5.20228e-11, 6.50248e-11, 5.03149e-11
3.15500e+05, 7.51180e-11, 6.96784e-11, 7.06652e-11, 5.52981e-11, 6.98658e-11, 5.36643e-11
3.25837e+05, 8.17161e-11, 7.21262e-11, 7.59965e-11, 5.88443e-11, 7.50505e-11, 5.72927e-11
3.36512e+05, 8.88374e-11, 7.47614e-11, 8.16976e-11, 6.26821e-11, 8.05890e-11, 6.12207e-11
3.47536e+05, 9.65097e-11, 7.76066e-11, 8.77792e-11, 6.68334e-11, 8.64900e-11, 6.54701e-11
3.58922e+05, 1.04761e-10, 8.06870e-11, 9.42504e-11, 7.13220e-11, 9.27610e-11, 7.00644e-11
3.70681e+05, 1.13622e-10, 8.40255e-11, 1.01127e-10, 7.61702e-11, 9.94161e-11, 7.50258e-11
3.82825e+05, 1.23120e-10, 8.76397e-11, 1.08435e-10, 8.13968e-11, 1.06482e-10, 8.03728e-11
3.95367e+05, 1.33288e-10, 9.15478e-11, 1.16206e-10, 8.70204e-11, 1.13988e-10, 8.61244e-11
4.08319e+05, 1.44155e-10, 9.57687e-11, 1.24470e-10, 9.30601e-11, 1.21966e-10, 9.22992e-11
4.21697e+05, 1.55753e-10, 1.00322e-10, 1.33262e-10, 9.95347e-11, 1.30450e-10, 9.89161e-11
4.35512e+05, 1.68111e-10, 1.05230e-10, 1.42620e-10, 1.06463e-10, 1.39479e-10, 1.05994e-10
4.49780e+05, 1.81261e-10, 1.10513e-10, 1.52582e-10, 1.13865e-10, 1.49091e-10, 1.13551e-10
4.64515e+05, 1.95226e-10, 1.16191e-10, 1.63180e-10, 1.21756e-10, 1.59320e-10, 1.21603e-10
4.79733e+05, 2.10022e-10, 1.22275e-10, 1.74423e-10, 1.30149e-10, 1.70172e-10, 1.30164e-10
4.95450e+05, 2.25656e-10, 1.28771e-10, 1.86310e-10, 1.39055e-10, 1.81648e-10, 1.39244e-10
5.11682e+05, 2.42131e-10, 1.35685e-10, 1.98838e-10, 1.48482e-10, 1.93741e-10, 1.48852e-10
5.28445e+05, 2.59444e-10, 1.43019e-10, 2.11994e-10, 1.58434e-10, 2.06441e-10, 1.58992e-10
5.45758e+05, 2.77583e-10, 1.50772e-10, 2.25760e-10, 1.68915e-10, 2.19728e-10, 1.69667e-10
5.63638e+05, 2.96528e-10, 1.58941e-10, 2.40110e-10, 1.79920e-10, 2.33573e-10, 1.80875e-10
5.82103e+05, 3.16264e-10, 1.67523e-10, 2.55018e-10, 1.91451e-10, 2.47953e-10, 1.92616e-10
6.01174e+05, 3.36809e-10, 1.76536e-10, 2.70504e-10, 2.03523e-10, 2.62885e-10, 2.04904e-10
6.20869e+05, 3.58194e-10, 1.86003e-10, 2.86593e-10, 2.16155e-10, 2.78396e-10, 2.17760e-10
6.41210e+05, 3.80446e-10, 1.95950e-10, 3.03313e-10, 2.29367e-10, 2.94513e-10, 2.31202e-10
6.62217e+05, 4.03595e-10, 2.06402e-10, 3.20696e-10, 2.43179e-10, 3.11267e-10, 2.45249e-10
6.83912e+05, 4.27669e-10, 2.17386e-10, 3.38773e-10, 2.57609e-10, 3.28690e-10, 2.59918e-10
7.06318e+05, 4.52697e-10, 2.28932e-10, 3.57579e-10, 2.72675e-10, 3.46816e-10, 2.75228e-10
7.29458e+05, 4.78701e-10, 2.41065e-10, 3.77145e-10, 2.88391e-10, 3.65679e-10, 2.91189e-10
7.53356e+05, 5.05665e-10, 2.53788e-10, 3.97478e-10, 3.04747e-10, 3.85287e-10, 3.07791e-10
7.78037e+05, 5.33552e-10, 2.67091e-10, 4.18574e-10, 3.21719e-10, 4.05639e-10, 3.25010e-10
8.03526e+05, 5.62313e-10, 2.80956e-10, 4.40423e-10, 3.39278e-10, 4.26729e-10, 3.42813e-10
8.29851e+05, 5.91883e-10, 2.95358e-10, 4.63007e-10, 3.57379e-10, 4.48543e-10, 3.61157e-10
8.57038e+05, 6.22179e-10, 3.10266e-10, 4.86302e-10, 3.75968e-10, 4.71062e-10, 3.79986e-10
8.85116e+05, 6.53099e-10, 3.25634e-10, 5.10272e-10, 3.94979e-10, 4.94258e-10, 3.99229e-10
9.14113e+05, 6.84530e-10, 3.41415e-10, 5.34876e-10, 4.14338e-10, 5.18096e-10, 4.18813e-10
9.44061e+05, 7.16448e-10, 3.57610e-10, 5.60098e-10, 4.34040e-10, 5.42560e-10, 4.38732e-10
9.74990e+05, 7.48882e-10, 3.74247e-10, 5.85932e-10, 4.54121e-10, 5.67642e-10, 4.59021e-10
1.00693e+06, 7.81865e-10, 3.91359e-10, 6.12370e-10, 4.74624e-10, 5.93329e-10, 4.79726e-10
1.03992e+06, 8.15439e-10, 4.08983e-10, 6.39399e-10, 4.95600e-10, 6.19604e-10, 5.00898e-10
1.07399e+06, 8.49654e-10, 4.27162e-10, 6.67004e-10, 5.17111e-10, 6.46446e-10, 5.22599e-10
1.10917e+06, 8.84572e-10, 4.45946e-10, 6.95162e-10, 5.39229e-10, 6.73824e-10, 5.44905e-10
1.14551e+06, 9.20261e-10, 4.65387e-10, 7.23851e-10, 5.62034e-10, 7.01708e-10, 5.67896e-10
1.18304e+06, 9.56758e-10, 4.85515e-10, 7.53071e-10, 5.85565e-10, 7.30095e-10, 5.91613e-10
1.22180e+06, 9.94076e-10, 5.06334e-10, 7.82850e-10, 6.09828e-10, 7.59012e-10, 6.16062e-10
1.26183e+06, 1.03223e-09, 5.27849e-10, 8.13215e-10, 6.34824e-10, 7.88491e-10, 6.41242e-10
1.30317e+06, 1.07122e-09, 5.50057e-10, 8.44204e-10, 6.60549e-10, 8.18569e-10, 6.67152e-10
1.34586e+06, 1.11106e-09, 5.72955e-10, 8.75859e-10, 6.86997e-10, 8.49293e-10, 6.93783e-10
1.38995e+06, 1.15178e-09, 5.96533e-10, 9.08231e-10, 7.14157e-10, 8.80716e-10, 7.21125e-10
1.43549e+06, 1.19337e-09, 6.20776e-10, 9.41375e-10, 7.42012e-10, 9.12898e-10, 7.49161e-10
1.48252e+06, 1.23583e-09, 6.45675e-10, 9.75315e-10, 7.70542e-10, 9.45863e-10, 7.77871e-10
1.53109e+06, 1.27913e-09, 6.71230e-10, 1.01003e-09, 7.99725e-10, 9.79590e-10, 8.07230e-10
1.58125e+06, 1.32322e-09, 6.97437e-10, 1.04547e-09, 8.29533e-10, 1.01404e-09, 8.37207e-10
1.63305e+06, 1.36807e-09, 7.24290e-10, 1.08162e-09, 8.59929e-10, 1.04919e-09, 8.67765e-10
1.68655e+06, 1.41362e-09, 7.51779e-10, 1.11841e-09, 8.90870e-10, 1.08496e-09, 8.98855e-10
1.74181e+06, 1.45978e-09, 7.79889e-10, 1.15577e-09, 9.22301e-10, 1.12131e-09, 9.30422e-10
1.79887e+06, 1.50649e-09, 8.08601e-10, 1.19365e-09, 9.54159e-10, 1.15816e-09, 9.62396e-10
1.85780e+06, 1.55369e-09, 8.37911e-10, 1.23199e-09, 9.86416e-10, 1.19547e-09, 9.94750e-10
1.91867e+06, 1.60144e-09, 8.67835e-10, 1.27082e-09, 1.01912e-09, 1.23326e-09, 1.02753e-09
1.98153e+06, 1.64978e-09, 8.98398e-10, 1.31016e-09, 1.05232e-09, 1.27156e-09, 1.06080e-09
2.04644e+06, 1.69880e-09, 9.29627e-10, 1.35008e-09, 1.08611e-09, 1.31041e-09, 1.09464e-09
2.11349e+06, 1.74858e-09, 9.61554e-10, 1.39061e-09, 1.12057e-09, 1.34986e-09, 1.12914e-09
2.18273e+06, 1.79923e-09, 9.94215e-10, 1.43184e-09, 1.15581e-09, 1.38999e-09, 1.16443e-09
2.25424e+06, 1.85091e-09, 1.02765e-09, 1.47384e-09, 1.19196e-09, 1.43087e-09, 1.20063e-09
2.32809e+06, 1.90369e-09, 1.06190e-09, 1.51668e-09, 1.22912e-09, 1.47255e-09, 1.23786e-09
2.40436e+06, 1.95753e-09, 1.09694e-09, 1.56032e-09, 1.26725e-09, 1.51501e-09, 1.27606e-09
2.48313e+06, 2.01236e-09, 1.13278e-09, 1.60473e-09, 1.30628e-09, 1.55821e-09, 1.31518e-09
2.56448e+06, 2.06808e-09, 1.16939e-09, 1.64986e-09, 1.34614e-09, 1.60211e-09, 1.35512e-09
2.64850e+06, 2.12459e-09, 1.20674e-09, 1.69564e-09, 1.38672e-09, 1.64665e-09, 1.39578e-09
2.73527e+06, 2.18173e-09, 1.24480e-09, 1.74200e-09, 1.42791e-09, 1.69175e-09, 1.43702e-09
2.82488e+06, 2.23937e-09, 1.28354e-09, 1.78885e-09, 1.46955e-09, 1.73735e-09, 1.47870e-09
2.91743e+06, 2.29733e-09, 1.32291e-09, 1.83611e-09, 1.51150e-09, 1.78336e-09, 1.52066e-09
3.01301e+06, 2.35555e-09, 1.36285e-09, 1.88369e-09, 1.55372e-09, 1.82970e-09, 1.56286e-09
3.11172e+06, 2.41395e-09, 1.40329e-09, 1.93154e-09, 1.59619e-09, 1.87631e-09, 1.60528e-09
3.21366e+06, 2.47248e-09, 1.44415e-09, 1.97956e-09, 1.63888e-09, 1.92309e-09, 1.64791e-09
3.31894e+06, 2.53107e-09, 1.48533e-09, 2.02766e-09, 1.68179e-09, 1.96996e-09, 1.69074e-09
3.42768e+06, 2.58963e-09, 1.52673e-09, 2.07574e-09, 1.72488e-09, 2.01681e-09, 1.73376e-09
3.53997e+06, 2.64811e-09, 1.56822e-09, 2.12369e-09, 1.76816e-09, 2.06352e-09, 1.77697e-09
3.65595e+06, 2.70643e-09, 1.60967e-09, 2.17141e-09, 1.81161e-09, 2.11000e-09, 1.82036e-09
3.77572e+06, 2.76457e-09, 1.65105e-09, 2.21890e-09, 1.85518e-09, 2.15624e-09, 1.86390e-09
3.89942e+06, 2.82255e-09, 1.69238e-09, 2.26620e-09, 1.89884e-09, 2.20229e-09, 1.90754e-09
4.02717e+06, 2.88036e-09, 1.73368e-09, 2.31339e-09, 1.94254e-09, 2.24824e-09, 1.95121e-09
4.15911e+06, 2.93806e-09, 1.77498e-09, 2.36057e-09, 1.98622e-09, 2.29419e-09, 1.99488e-09
4.29536e+06, 2.99571e-09, 1.81636e-09, 2.40787e-09, 2.02984e-09, 2.34027e-09, 2.03847e-09
4.43609e+06, 3.05339e-09, 1.85787e-09, 2.45546e-09, 2.07335e-09, 2.38667e-09, 2.08192e-09
4.58142e+06, 3.11119e-09, 1.89961e-09, 2.50353e-09, 2.11670e-09, 2.43356e-09, 2.12518e-09
4.73151e+06, 3.16908e-09, 1.94159e-09, 2.55203e-09, 2.15987e-09, 2.48093e-09, 2.16824e-09
4.88652e+06, 3.22692e-09, 1.98378e-09, 2.60081e-09, 2.20289e-09, 2.52861e-09, 2.21109e-09
5.04661e+06, 3.28457e-09, 2.02616e-09, 2.64969e-09, 2.24575e-09, 2.57640e-09, 2.25376e-09
5.21195e+06, 3.34189e-09, 2.06869e-09, 2.69844e-09, 2.28851e-09, 2.62410e-09, 2.29631e-09
5.38270e+06, 3.39869e-09, 2.11136e-09, 2.74682e-09, 2.33121e-09, 2.67144e-09, 2.33877e-09
5.55904e+06, 3.45479e-09, 2.15414e-09, 2.79454e-09, 2.37393e-09, 2.71812e-09, 2.38125e-09
5.74116e+06, 3.50997e-09, 2.19700e-09, 2.84128e-09, 2.41676e-09, 2.76382e-09, 2.42385e-09
5.92925e+06, 3.56412e-09, 2.23988e-09, 2.88687e-09, 2.45966e-09, 2.80838e-09, 2.46651e-09
6.12350e+06, 3.61713e-09, 2.28263e-09, 2.93127e-09, 2.50245e-09, 2.85174e-09, 2.50907e-09
6.32412e+06, 3.66894e-09, 2.32512e-09, 2.97445e-09, 2.54496e-09, 2.89388e-09, 2.55135e-09
6.53131e+06, 3.71949e-09, 2.36719e-09, 3.01640e-09, 2.58697e-09, 2.93481e-09, 2.59312e-09
6.74528e+06, 3.76872e-09, 2.40865e-09, 3.05714e-09, 2.62822e-09, 2.97454e-09, 2.63413e-09
6.96627e+06, 3.81661e-09, 2.44929e-09, 3.09670e-09, 2.66844e-09, 3.01312e-09, 2.67408e-09
7.19449e+06, 3.86315e-09, 2.48890e-09, 3.13517e-09, 2.70731e-09, 3.05063e-09, 2.71268e-09
7.43019e+06, 3.90826e-09, 2.52734e-09, 3.17256e-09, 2.74466e-09, 3.08710e-09, 2.74972e-09
7.67361e+06, 3.95184e-09, 2.56461e-09, 3.20884e-09, 2.78050e-09, 3.12250e-09, 2.78523e-09
7.92501e+06, 3.99375e-09, 2.60073e-09, 3.24396e-09, 2.81486e-09, 3.15680e-09, 2.81924e-09
8.18465e+06, 4.03387e-09, 2.63574e-09, 3.27792e-09, 2.84782e-09, 3.19000e-09, 2.85183e-09
8.45279e+06, 4.07209e-09, 2.66972e-09, 3.31070e-09, 2.87948e-09, 3.22210e-09, 2.88311e-09
8.72971e+06, 4.10829e-09, 2.70279e-09, 3.34235e-09, 2.91003e-09, 3.25315e-09, 2.91325e-09
9.01571e+06, 4.14239e-09, 2.73510e-09, 3.37290e-09, 2.93966e-09, 3.28320e-09, 2.94248e-09
9.31108e+06, 4.17427e-09, 2.76671e-09, 3.40231e-09, 2.96848e-09, 3.31223e-09, 2.97087e-09
9.61612e+06, 4.20379e-09, 2.79745e-09, 3.43040e-09, 2.99629e-09, 3.34003e-09, 2.99826e-09
9.93116e+06, 4.23081e-09, 2.82710e-09, 3.45692e-09, 3.02287e-09, 3.36635e-09, 3.02442e-09
1.02565e+07, 4.25521e-09, 2.85543e-09, 3.48161e-09, 3.04798e-09, 3.39094e-09, 3.04909e-09
1.05925e+07, 4.27687e-09, 2.88220e-09, 3.50420e-09, 3.07135e-09, 3.41349e-09, 3.07202e-09
1.09396e+07, 4.29569e-09, 2.90711e-09, 3.52436e-09, 3.09265e-09, 3.43367e-09, 3.09287e-09
1.12980e+07, 4.31157e-09, 2.92985e-09, 3.54176e-09, 3.11156e-09, 3.45111e-09, 3.11132e-09
1.16681e+07, 4.32446e-09, 2.95017e-09, 3.55613e-09, 3.12780e-09, 3.46553e-09, 3.12710e-09
1.20504e+07, 4.33428e-09, 2.96802e-09, 3.56745e-09, 3.14136e-09, 3.47693e-09, 3.14018e-09
1.24451e+07, 4.34098e-09, 2.98341e-09, 3.57577e-09, 3.15226e-09, 3.48536e-09, 3.15060e-09
1.28529e+07, 4.34454e-09, 2.99640e-09, 3.58120e-09, 3.16059e-09, 3.49093e-09, 3.15846e-09
1.32739e+07, 4.34497e-09, 3.00707e-09, 3.58390e-09, 3.16650e-09, 3.49383e-09, 3.16389e-09
1.37088e+07, 4.34235e-09, 3.01557e-09, 3.58411e-09, 3.17018e-09, 3.49429e-09, 3.16710e-09
1.41579e+07, 4.33678e-09, 3.02211e-09, 3.58213e-09, 3.17191e-09, 3.49266e-09, 3.16837e-09
1.46218e+07, 4.32836e-09, 3.02687e-09, 3.57827e-09, 3.17191e-09, 3.48924e-09, 3.16794e-09
1.51008e+07, 4.31698e-09, 3.02982e-09, 3.57246e-09, 3.17012e-09, 3.48398e-09, 3.16572e-09
1.55955e+07, 4.30248e-09, 3.03087e-09, 3.56457e-09, 3.16638e-09, 3.47675e-09, 3.16155e-09
1.61065e+07, 4.28472e-09, 3.02993e-09, 3.55448e-09, 3.16050e-09, 3.46742e-09, 3.15525e-09
1.66341e+07, 4.26354e-09, 3.02694e-09, 3.54205e-09, 3.15233e-09, 3.45587e-09, 3.14664e-09
1.71791e+07, 4.23882e-09, 3.02184e-09, 3.52715e-09, 3.14166e-09, 3.44196e-09, 3.13551e-09
1.77419e+07, 4.21042e-09, 3.01457e-09, 3.50963e-09, 3.12829e-09, 3.42554e-09, 3.12166e-09
1.83231e+07, 4.17826e-09, 3.00510e-09, 3.48937e-09, 3.11206e-09, 3.40650e-09, 3.10489e-09
1.89234e+07, 4.14237e-09, 2.99333e-09, 3.46632e-09, 3.09296e-09, 3.38476e-09, 3.08522e-09
1.95434e+07, 4.10291e-09, 2.97920e-09, 3.44046e-09, 3.07109e-09, 3.36031e-09, 3.06275e-09
2.01837e+07, 4.06009e-09, 2.96263e-09, 3.41180e-09, 3.04660e-09, 3.33311e-09, 3.03767e-09
2.08449e+07, 4.01418e-09, 2.94355e-09, 3.38038e-09, 3.01971e-09, 3.30321e-09, 3.01020e-09
2.15278e+07, 3.96556e-09, 2.92193e-09, 3.34628e-09, 2.99069e-09, 3.27064e-09, 2.98066e-09
2.22331e+07, 3.91472e-09, 2.89772e-09, 3.30961e-09, 2.95990e-09, 3.23549e-09, 2.94943e-09
2.29615e+07, 3.86219e-09, 2.87094e-09, 3.27055e-09, 2.92774e-09, 3.19788e-09, 2.91695e-09
2.37137e+07, 3.80816e-09, 2.84168e-09, 3.22922e-09, 2.89436e-09, 3.15795e-09, 2.88337e-09
2.44906e+07, 3.75265e-09, 2.81010e-09, 3.18574e-09, 2.85973e-09, 3.11582e-09, 2.84865e-09
2.52930e+07, 3.69566e-09, 2.77644e-09, 3.14029e-09, 2.82385e-09, 3.07169e-09, 2.81276e-09
2.61216e+07, 3.63724e-09, 2.74101e-09, 3.09311e-09, 2.78673e-09, 3.02580e-09, 2.77568e-09
2.69774e+07, 3.57741e-09, 2.70417e-09, 3.04448e-09, 2.74835e-09, 2.97847e-09, 2.73738e-09
2.78612e+07, 3.51622e-09, 2.66640e-09, 2.99475e-09, 2.70876e-09, 2.93007e-09, 2.69782e-09
2.87740e+07, 3.45374e-09, 2.62824e-09, 2.94435e-09, 2.66795e-09, 2.88106e-09, 2.65700e-09
2.97167e+07, 3.39005e-09, 2.58986e-09, 2.89344e-09, 2.62597e-09, 2.83162e-09, 2.61491e-09
3.06902e+07, 3.32521e-09, 2.55114e-09, 2.84201e-09, 2.58282e-09, 2.78171e-09, 2.57159e-09
3.16957e+07, 3.25935e-09, 2.51192e-09, 2.79002e-09, 2.53853e-09, 2.73129e-09, 2.52708e-09
3.27341e+07, 3.19258e-09, 2.47200e-09, 2.73742e-09, 2.49315e-09, 2.68029e-09, 2.48144e-09
3.38065e+07, 3.12504e-09, 2.43114e-09, 2.68415e-09, 2.44673e-09, 2.62864e-09, 2.43476e-09
3.49140e+07, 3.05690e-09, 2.38903e-09, 2.63013e-09, 2.39932e-09, 2.57622e-09, 2.38713e-09
3.60579e+07, 2.98836e-09, 2.34535e-09, 2.57527e-09, 2.35102e-09, 2.52292e-09, 2.33866e-09
3.72392e+07, 2.91955e-09, 2.29998e-09, 2.51954e-09, 2.30191e-09, 2.46872e-09, 2.28947e-09
3.84592e+07, 2.85050e-09, 2.25307e-09, 2.46306e-09, 2.25208e-09, 2.41371e-09, 2.23965e-09
3.97192e+07, 2.78123e-09, 2.20484e-09, 2.40592e-09, 2.20164e-09, 2.35800e-09, 2.18927e-09
4.10204e+07, 2.71175e-09, 2.15555e-09, 2.34826e-09, 2.15071e-09, 2.30176e-09, 2.13847e-09
4.23643e+07, 2.64207e-09, 2.10553e-09, 2.29024e-09, 2.09945e-09, 2.24513e-09, 2.08737e-09
4.37522e+07, 2.57219e-09, 2.05517e-09, 2.23204e-09, 2.04802e-09, 2.18833e-09, 2.03613e-09
4.51856e+07, 2.50209e-09, 2.00493e-09, 2.17387e-09, 1.99664e-09, 2.13158e-09, 1.98492e-09
4.66659e+07, 2.43180e-09, 1.95514e-09, 2.11589e-09, 1.94545e-09, 2.07506e-09, 1.93388e-09
4.81948e+07, 2.36150e-09, 1.90582e-09, 2.05819e-09, 1.89451e-09, 2.01884e-09, 1.88307e-09
4.97737e+07, 2.29136e-09, 1.85695e-09, 2.00083e-09, 1.84389e-09, 1.96298e-09, 1.83256e-09
5.14044e+07, 2.22161e-09, 1.80850e-09, 1.94389e-09, 1.79361e-09, 1.90754e-09, 1.78239e-09
5.30884e+07, 2.15247e-09, 1.76041e-09, 1.88744e-09, 1.74373e-09, 1.85257e-09, 1.73262e-09
5.48277e+07, 2.08421e-09, 1.71259e-09, 1.83154e-09, 1.69428e-09, 1.79812e-09, 1.68328e-09
5.66239e+07, 2.01713e-09, 1.66492e-09, 1.77624e-09, 1.64527e-09, 1.74422e-09, 1.63442e-09
5.84790e+07, 1.95144e-09, 1.61732e-09, 1.72160e-09, 1.59672e-09, 1.69090e-09, 1.58605e-09
6.03949e+07, 1.88718e-09, 1.56980e-09, 1.66764e-09, 1.54865e-09, 1.63819e-09, 1.53820e-09
6.23735e+07, 1.82431e-09, 1.52243e-09, 1.61438e-09, 1.50106e-09, 1.58610e-09, 1.49084e-09
6.44169e+07, 1.76275e-09, 1.47524e-09, 1.56181e-09, 1.45392e-09, 1.53465e-09, 1.44397e-09
6.65273e+07, 1.70238e-09, 1.42828e-09, 1.50990e-09, 1.40721e-09, 1.48381e-09, 1.39754e-09
6.87068e+07, 1.64303e-09, 1.38157e-09, 1.45861e-09, 1.36086e-09, 1.43354e-09, 1.35148e-09
7.09578e+07, 1.58447e-09, 1.33515e-09, 1.40784e-09, 1.31479e-09, 1.38377e-09, 1.30569e-09
7.32825e+07, 1.52647e-09, 1.28907e-09, 1.35754e-09, 1.26892e-09, 1.33445e-09, 1.26009e-09
7.56833e+07, 1.46911e-09, 1.24338e-09, 1.30776e-09, 1.22333e-09, 1.28566e-09, 1.21477e-09
7.81628e+07, 1.41252e-09, 1.19819e-09, 1.25863e-09, 1.17816e-09, 1.23748e-09, 1.16984e-09
8.07235e+07, 1.35684e-09, 1.15359e-09, 1.21024e-09, 1.13351e-09, 1.19003e-09, 1.12544e-09
8.33681e+07, 1.30221e-09, 1.10968e-09, 1.16270e-09, 1.08955e-09, 1.14341e-09, 1.08171e-09
8.60994e+07, 1.24879e-09, 1.06655e-09, 1.11612e-09, 1.04641e-09, 1.09773e-09, 1.03881e-09
8.89201e+07, 1.19672e-09, 1.02430e-09, 1.07063e-09, 1.00427e-09, 1.05309e-09, 9.96908e-10
9.18333e+07, 1.14616e-09, 9.83030e-10, 1.02631e-09, 9.63278e-10, 1.00959e-09, 9.56170e-10
9.48418e+07, 1.09714e-09, 9.42784e-10, 9.83211e-10, 9.23496e-10, 9.67278e-10, 9.16649e-10
9.79490e+07, 1.04967e-09, 9.03592e-10, 9.41355e-10, 8.84928e-10, 9.26172e-10, 8.78350e-10
1.01158e+08, 1.00370e-09, 8.65461e-10, 9.00730e-10, 8.47558e-10, 8.86263e-10, 8.41255e-10
1.04472e+08, 9.59161e-10, 8.28384e-10, 8.61300e-10, 8.11343e-10, 8.47522e-10, 8.05318e-10
1.07895e+08, 9.15936e-10, 7.92326e-10, 8.22999e-10, 7.76208e-10, 8.09886e-10, 7.70461e-10
1.11429e+08, 8.73858e-10, 7.57225e-10, 7.85723e-10, 7.42042e-10, 7.73260e-10, 7.36568e-10
1.15080e+08, 8.32725e-10, 7.23001e-10, 7.49347e-10, 7.08706e-10, 7.37522e-10, 7.03497e-10
1.18850e+08, 7.92510e-10, 6.89640e-10, 7.13853e-10, 6.76175e-10, 7.02660e-10, 6.71221e-10
1.22744e+08, 7.53277e-10, 6.57161e-10, 6.79283e-10, 6.44475e-10, 6.68711e-10, 6.39766e-10
1.26765e+08, 7.15080e-10, 6.25570e-10, 6.45665e-10, 6.13622e-10, 6.35701e-10, 6.09151e-10
1.30918e+08, 6.77963e-10, 5.94853e-10, 6.13015e-10, 5.83617e-10, 6.03644e-10, 5.79376e-10
1.35207e+08, 6.41960e-10, 5.64978e-10, 5.81334e-10, 5.54445e-10, 5.72536e-10, 5.50429e-10
1.39637e+08, 6.07088e-10, 5.35887e-10, 5.50601e-10, 5.26068e-10, 5.42355e-10, 5.22274e-10
1.44212e+08, 5.73349e-10, 5.07502e-10, 5.20780e-10, 4.98434e-10, 5.13060e-10, 4.94861e-10
1.48936e+08, 5.40771e-10, 4.79818e-10, 4.91879e-10, 4.71544e-10, 4.84658e-10, 4.68192e-10
1.53815e+08, 5.09398e-10, 4.52894e-10, 4.63939e-10, 4.45446e-10, 4.57189e-10, 4.42313e-10
1.58855e+08, 4.79261e-10, 4.26784e-10, 4.36997e-10, 4.20183e-10, 4.30691e-10, 4.17268e-10
1.64059e+08, 4.50377e-10, 4.01539e-10, 4.11076e-10, 3.95792e-10, 4.05185e-10, 3.93089e-10
1.69434e+08, 4.22742e-10, 3.77206e-10, 3.86184e-10, 3.72299e-10, 3.80684e-10, 3.69804e-10
1.74985e+08, 3.96332e-10, 3.53821e-10, 3.62316e-10, 3.49723e-10, 3.57182e-10, 3.47426e-10
1.80717e+08, 3.71096e-10, 3.31414e-10, 3.39446e-10, 3.28067e-10, 3.34657e-10, 3.25959e-10
1.86638e+08, 3.47010e-10, 3.10006e-10, 3.17567e-10, 3.07340e-10, 3.13102e-10, 3.05408e-10
1.92752e+08, 3.24083e-10, 2.89609e-10, 2.96695e-10, 2.87556e-10, 2.92534e-10, 2.85789e-10
1.99067e+08, 3.02308e-10, 2.70217e-10, 2.76833e-10, 2.68716e-10, 2.72958e-10, 2.67104e-10
2.05589e+08, 2.81659e-10, 2.51811e-10, 2.57969e-10, 2.50807e-10, 2.54363e-10, 2.49339e-10
2.12324e+08, 2.62084e-10, 2.34347e-10, 2.40071e-10, 2.33795e-10, 2.36718e-10, 2.32463e-10
2.19280e+08, 2.43502e-10, 2.17759e-10, 2.23084e-10, 2.17626e-10, 2.19971e-10, 2.16421e-10
2.26464e+08, 2.25801e-10, 2.01950e-10, 2.06925e-10, 2.02219e-10, 2.04044e-10, 2.01136e-10
2.33884e+08, 2.08907e-10, 1.86859e-10, 1.91542e-10, 1.87523e-10, 1.88885e-10, 1.86557e-10
2.41546e+08, 1.92840e-10, 1.72503e-10, 1.76946e-10, 1.73550e-10, 1.74505e-10, 1.72696e-10
2.49459e+08, 1.77616e-10, 1.58900e-10, 1.63146e-10, 1.60312e-10, 1.60912e-10, 1.59564e-10
2.57632e+08, 1.63245e-10, 1.46058e-10, 1.50138e-10, 1.47809e-10, 1.48102e-10, 1.47161e-10
2.66073e+08, 1.49722e-10, 1.33974e-10, 1.37907e-10, 1.36032e-10, 1.36057e-10, 1.35477e-10
2.74789e+08, 1.37028e-10, 1.22632e-10, 1.26419e-10, 1.24954e-10, 1.24744e-10, 1.24484e-10
2.83792e+08, 1.25128e-10, 1.12001e-10, 1.15624e-10, 1.14535e-10, 1.14110e-10, 1.14142e-10
2.93089e+08, 1.13989e-10, 1.02053e-10, 1.05478e-10, 1.04739e-10, 1.04111e-10, 1.04414e-10
3.02691e+08, 1.03614e-10, 9.27879e-11, 9.59834e-11, 9.55689e-11, 9.47510e-11, 9.53023e-11
3.12608e+08, 9.39986e-11, 8.42015e-11, 8.71444e-11, 8.70254e-11, 8.60323e-11, 8.68096e-11
3.22849e+08, 8.51300e-11, 7.62779e-11, 7.89536e-11, 7.91002e-11, 7.79492e-11, 7.89276e-11
3.33426e+08, 7.69787e-11, 6.89876e-11, 7.13927e-11, 7.17733e-11, 7.04844e-11, 7.16375e-11
3.44350e+08, 6.94986e-11, 6.22853e-11, 6.44297e-11, 6.50112e-11, 6.36074e-11, 6.49070e-11
3.55631e+08, 6.26236e-11, 5.61070e-11, 5.80167e-11, 5.87647e-11, 5.72723e-11, 5.86884e-11
3.67282e+08, 5.62864e-11, 5.03887e-11, 5.21039e-11, 5.29834e-11, 5.14313e-11, 5.29329e-11
3.79315e+08, 5.04724e-11, 4.51200e-11, 4.66802e-11, 4.76577e-11, 4.60735e-11, 4.76312e-11
3.91742e+08, 4.51719e-11, 4.02966e-11, 4.17368e-11, 4.27815e-11, 4.11902e-11, 4.27769e-11
4.04576e+08, 4.03655e-11, 3.59069e-11, 3.72557e-11, 3.83407e-11, 3.67637e-11, 3.83557e-11
4.17830e+08, 3.60221e-11, 3.19302e-11, 3.32081e-11, 3.43115e-11, 3.27657e-11, 3.43437e-11
4.31519e+08, 3.20975e-11, 2.83353e-11, 2.95530e-11, 3.06589e-11, 2.91556e-11, 3.07058e-11
4.45656e+08, 2.85314e-11, 2.50786e-11, 2.62346e-11, 2.73350e-11, 2.58782e-11, 2.73939e-11
4.60257e+08, 2.52588e-11, 2.21118e-11, 2.31921e-11, 2.42871e-11, 2.28738e-11, 2.43552e-11
4.75335e+08, 2.22641e-11, 1.94215e-11, 2.04111e-11, 2.15018e-11, 2.01278e-11, 2.15764e-11
4.90908e+08, 1.95464e-11, 1.70036e-11, 1.78901e-11, 1.89766e-11, 1.76388e-11, 1.90551e-11
5.06991e+08, 1.71005e-11, 1.48488e-11, 1.56237e-11, 1.67047e-11, 1.54014e-11, 1.67848e-11
5.23600e+08, 1.49160e-11, 1.29424e-11, 1.36016e-11, 1.46739e-11, 1.34054e-11, 1.47537e-11
5.40754e+08, 1.29766e-11, 1.12628e-11, 1.18077e-11, 1.28662e-11, 1.16348e-11, 1.29441e-11
5.58470e+08, 1.12588e-11, 9.78031e-12, 1.02191e-11, 1.12562e-11, 1.00669e-11, 1.13311e-11
5.76766e+08, 9.73415e-12, 8.46024e-12, 8.80815e-12, 9.81377e-12, 8.67417e-12, 9.88528e-12
5.95662e+08, 8.38972e-12, 7.28850e-12, 7.56267e-12, 8.52656e-12, 7.44466e-12, 8.59444e-12
6.15177e+08, 7.21936e-12, 6.26090e-12, 6.47724e-12, 7.39050e-12, 6.37305e-12, 7.45456e-12
6.35331e+08, 6.21318e-12, 5.37037e-12, 5.54312e-12, 6.39856e-12, 5.45072e-12, 6.45867e-12
6.56145e+08, 5.35690e-12, 4.60639e-12, 4.74756e-12, 5.54017e-12, 4.66513e-12, 5.59623e-12
6.77642e+08, 4.63104e-12, 3.95443e-12, 4.07313e-12, 4.80058e-12, 3.99917e-12, 4.85257e-12
6.99842e+08, 4.01021e-12, 3.39527e-12, 3.49702e-12, 4.16025e-12, 3.43036e-12, 4.20823e-12
7.22770e+08, 3.46384e-12, 2.90565e-12, 2.99176e-12, 3.59542e-12, 2.93167e-12, 3.63952e-12
7.46449e+08, 2.97738e-12, 2.47416e-12, 2.54414e-12, 3.09446e-12, 2.49011e-12, 3.13487e-12
7.70903e+08, 2.54925e-12, 2.09896e-12, 2.15259e-12, 2.65549e-12, 2.10409e-12, 2.69240e-12
7.96159e+08, 2.17708e-12, 1.77733e-12, 1.81471e-12, 2.27562e-12, 1.77123e-12, 2.30923e-12
8.22243e+08, 1.85720e-12, 1.50516e-12, 1.52682e-12, 1.95054e-12, 1.48788e-12, 1.98104e-12
8.49180e+08, 1.58440e-12, 1.27683e-12, 1.28376e-12, 1.67422e-12, 1.24890e-12, 1.70180e-12
8.77001e+08, 1.35172e-12, 1.08487e-12, 1.07866e-12, 1.43866e-12, 1.04748e-12, 1.46350e-12
9.05733e+08, 1.15037e-12, 9.19972e-13, 9.02868e-13, 1.23387e-12, 8.75016e-13, 1.25615e-12
9.35406e+08, 9.74900e-13, 7.76464e-13, 7.51014e-13, 1.05377e-12, 7.26179e-13, 1.07365e-12
9.66051e+08, 8.24236e-13, 6.53427e-13, 6.22045e-13, 8.97434e-13, 5.99925e-13, 9.15096e-13
9.97700e+08, 6.96998e-13, 5.49750e-13, 5.14632e-13, 7.63725e-13, 4.94935e-13, 7.79343e-13
1.03039e+09, 5.91188e-13, 4.63817e-13, 4.26863e-13, 6.50939e-13, 4.09316e-13, 6.64690e-13
1.06414e+09, 5.04085e-13, 3.93421e-13, 3.56148e-13, 5.56718e-13, 3.40507e-13, 5.68779e-13
1.09901e+09, 4.32127e-13, 3.35672e-13, 2.99115e-13, 4.77944e-13, 2.85167e-13, 4.88490e-13
1.13501e+09, 3.70834e-13, 2.86926e-13, 2.51524e-13, 4.10659e-13, 2.39106e-13, 4.19856e-13
1.17220e+09, 3.16971e-13, 2.44532e-13, 2.10318e-13, 3.51957e-13, 1.99297e-13, 3.59966e-13
1.21060e+09, 2.70108e-13, 2.08081e-13, 1.75079e-13, 3.01334e-13, 1.65327e-13, 3.08308e-13
1.25026e+09, 2.29922e-13, 1.77234e-13, 1.45499e-13, 2.58324e-13, 1.36890e-13, 2.64408e-13
1.29122e+09, 1.95925e-13, 1.51502e-13, 1.21124e-13, 2.22256e-13, 1.13539e-13, 2.27582e-13
1.33352e+09, 1.67440e-13, 1.30219e-13, 1.01331e-13, 1.92220e-13, 9.46582e-14, 1.96901e-13
1.37721e+09, 1.43569e-13, 1.12516e-13, 8.53019e-14, 1.67026e-13, 7.94429e-14, 1.71153e-13
1.42233e+09, 1.23160e-13, 9.72930e-14, 7.19961e-14, 1.45168e-13, 6.68671e-14, 1.48802e-13
1.46893e+09, 1.05234e-13, 8.36332e-14, 6.05282e-14, 1.25399e-13, 5.60596e-14, 1.28576e-13
1.51705e+09, 8.96126e-14, 7.14244e-14, 5.07346e-14, 1.07578e-13, 4.68589e-14, 1.10334e-13
1.56675e+09, 7.61880e-14, 6.06478e-14, 4.25203e-14, 9.17004e-14, 3.91717e-14, 9.40714e-14
1.61808e+09, 6.47999e-14, 5.12599e-14, 3.57480e-14, 7.77295e-14, 3.28637e-14, 7.97530e-14
1.67109e+09, 5.52247e-14, 4.31881e-14, 3.02316e-14, 6.55948e-14, 2.77531e-14, 6.73087e-14
1.72584e+09, 4.71660e-14, 3.63261e-14, 2.57278e-14, 5.51846e-14, 2.36029e-14, 5.66271e-14
1.78238e+09, 4.02430e-14, 3.05276e-14, 2.19276e-14, 4.63389e-14, 2.01126e-14, 4.75478e-14
1.84077e+09, 3.40912e-14, 2.56396e-14, 1.85379e-14, 3.88831e-14, 1.69971e-14, 3.98951e-14
1.90108e+09, 2.86406e-14, 2.15960e-14, 1.55077e-14, 3.27260e-14, 1.42074e-14, 3.35762e-14
1.96336e+09, 2.38779e-14, 1.83330e-14, 1.28354e-14, 2.77688e-14, 1.17432e-14, 2.84893e-14
2.02768e+09, 1.97767e-14, 1.57623e-14, 1.05141e-14, 2.38749e-14, 9.59935e-15, 2.44944e-14
2.09411e+09, 1.62958e-14, 1.37677e-14, 8.53035e-15, 2.08646e-14, 7.76505e-15, 2.14067e-14
2.16272e+09, 1.33768e-14, 1.22002e-14, 6.86324e-15, 1.85078e-14, 6.22292e-15, 1.89899e-14
2.23357e+09, 1.09408e-14, 1.08734e-14, 5.48286e-15, 1.65164e-14, 4.94778e-15, 1.69480e-14
2.30675e+09, 8.89989e-15, 9.59541e-15, 4.35410e-15, 1.45939e-14, 3.90961e-15, 1.49764e-14
2.38232e+09, 7.21843e-15, 8.32830e-15, 3.45751e-15, 1.26818e-14, 3.09054e-15, 1.30152e-14
2.46037e+09, 5.87281e-15, 7.08947e-15, 2.77492e-15, 1.08071e-14, 2.47305e-15, 1.10919e-14
2.54097e+09, 4.82984e-15, 5.89933e-15, 2.28144e-15, 9.00131e-15, 2.03312e-15, 9.23908e-15
2.62422e+09, 4.04518e-15, 4.78179e-15, 1.94437e-15, 7.30169e-15, 1.73931e-15, 7.49490e-15
2.71019e+09, 3.46157e-15, 3.76467e-15, 1.72193e-15, 5.75159e-15, 1.55151e-15, 5.90395e-15
2.79898e+09, 3.00682e-15, 2.88025e-15, 1.56194e-15, 4.40139e-15, 1.41968e-15, 4.51802e-15
2.89068e+09, 2.60048e-15, 2.16162e-15, 1.40670e-15, 3.30290e-15, 1.28852e-15, 3.39038e-15
2.98538e+09, 2.21605e-15, 1.61285e-15, 1.23832e-15, 2.46287e-15, 1.14106e-15, 2.52799e-15
3.08319e+09, 1.85615e-15, 1.21999e-15, 1.06082e-15, 1.86023e-15, 9.81410e-16, 1.90923e-15
3.18420e+09, 1.52381e-15, 9.63998e-16, 8.79305e-16, 1.46611e-15, 8.14846e-16, 1.50449e-15
3.28852e+09, 1.22226e-15, 8.19924e-16, 6.99970e-16, 1.24276e-15, 6.47804e-16, 1.27504e-15
3.39625e+09, 9.54984e-16, 7.56064e-16, 5.30272e-16, 1.14212e-15, 4.88065e-16, 1.17156e-15
3.50752e+09, 7.25690e-16, 7.32909e-16, 3.79095e-16, 1.10433e-15, 3.44946e-16, 1.13264e-15
3.62243e+09, 5.38076e-16, 7.04725e-16, 2.56328e-16, 1.06005e-15, 2.28852e-16, 1.08712e-15
3.74111e+09, 3.92339e-16, 6.52414e-16, 1.65240e-16, 9.80277e-16, 1.43321e-16, 1.00525e-15
3.86367e+09, 2.85470e-16, 5.79319e-16, 1.03365e-16, 8.69939e-16, 8.59480e-17, 8.92072e-16
3.99025e+09, 2.13245e-16, 4.90282e-16, 6.71956e-17, 7.36210e-16, 5.33136e-17, 7.54941e-16
4.12098e+09, 1.70081e-16, 3.91359e-16, 5.21464e-17, 5.88060e-16, 4.09484e-17, 6.03046e-16
4.25598e+09, 1.48825e-16, 2.90007e-16, 5.23792e-17, 4.36523e-16, 4.31680e-17, 4.47693e-16
4.39542e+09, 1.40516e-16, 1.95280e-16, 6.06160e-17, 2.94999e-16, 5.28906e-17, 3.02611e-16
4.53942e+09, 1.34409e-16, 1.17754e-16, 6.81660e-17, 1.79135e-16, 6.16629e-17, 1.83831e-16
4.68813e+09, 1.24558e-16, 6.26637e-17, 7.02856e-17, 9.66726e-17, 6.48784e-17, 9.92858e-17
4.84172e+09, 1.11276e-16, 2.83402e-17, 6.73668e-17, 4.51287e-17, 6.29345e-17, 4.64302e-17
5.00035e+09, 9.53215e-17, 1.21326e-17, 6.02262e-17, 2.05642e-17, 5.66485e-17, 2.12272e-17
5.16416e+09, 7.76468e-17, 1.05909e-17, 4.99064e-17, 1.78512e-17, 4.70659e-17, 1.84214e-17
5.33335e+09, 5.94246e-17, 1.93419e-17, 3.77110e-17, 3.04887e-17, 3.54951e-17, 3.13505e-17
5.50808e+09, 4.20809e-17, 3.29506e-17, 2.52426e-17, 5.03965e-17, 2.35462e-17, 5.17336e-17
5.68853e+09, 2.73134e-17, 4.48306e-17, 1.44269e-17, 6.77823e-17, 1.31555e-17, 6.95348e-17
5.87489e+09, 1.62034e-17, 5.06189e-17, 6.52145e-18, 7.61582e-17, 5.58993e-18, 7.81051e-17
6.06736e+09, 8.57479e-18, 5.06030e-17, 1.40155e-18, 7.59491e-17, 7.30230e-19, 7.78796e-17
6.26614e+09, 4.04878e-18, 4.56605e-17, 0.00000e+00, 6.84563e-17, 0.00000e+00, 7.01919e-17
6.47143e+09, 2.12535e-18, 3.69181e-17, 0.00000e+00, 5.53496e-17, 0.00000e+00, 5.67531e-17
6.68344e+09, 2.16423e-18, 2.57891e-17, 0.00000e+00, 3.87239e-17, 0.00000e+00, 3.97094e-17
6.90240e+09, 3.36364e-18, 1.40160e-17, 7.52501e-19, 2.11618e-17, 5.06787e-19, 2.17074e-17
7.12853e+09, 4.73836e-18, 3.71452e-18, 2.48993e-18, 5.79822e-18, 2.26823e-18, 5.95913e-18
7.36207e+09, 5.49849e-18, 0.00000e+00, 3.58161e-18, 0.00000e+00, 3.38458e-18, 0.00000e+00
7.60326e+09, 5.61039e-18, 0.00000e+00, 4.00778e-18, 0.00000e+00, 3.83749e-18, 0.00000e+00
7.85236e+09, 5.16585e-18, 0.00000e+00, 3.85727e-18, 0.00000e+00, 3.71501e-18, 0.00000e+00
8.10961e+09, 4.28320e-18, 0.00000e+00, 3.24515e-18, 0.00000e+00, 3.13128e-18, 0.00000e+00
8.37529e+09, 3.11141e-18, 0.00000e+00, 2.31678e-18, 0.00000e+00, 2.23053e-18, 0.00000e+00
8.64968e+09, 1.83464e-18, 0.00000e+00, 1.25234e-18, 0.00000e+00, 1.19158e-18, 0.00000e+00
8.93305e+09, 6.77403e-19, 7.19676e-19, 2.71951e-19, 1.08991e-18, 2.32943e-19, 1.11820e-18
9.22571e+09, 0.00000e+00, 2.92169e-18, 0.00000e+00, 4.34708e-18, 0.00000e+00, 4.45529e-18
9.52796e+09, 0.00000e+00, 4.08741e-18, 0.00000e+00, 6.07000e-18, 0.00000e+00, 6.22040e-18
9.84011e+09, 0.00000e+00, 4.34112e-18, 0.00000e+00, 6.44272e-18, 0.00000e+00, 6.60210e-18
