# Muzio et al., maximum extra p component (cosmogenic + source), Phys. Rev. D 100, 103008 (2019)
# Energy [GeV], E**2 Flux [GeV cm^-2] (nue anue numu anumu nutau anutau)
1.01625e+03, 8.62261e-15, 8.62261e-15, 1.03876e-14, 1.03876e-14, 9.89575e-15, 9.89575e-15
1.04954e+03, 9.22458e-15, 9.22458e-15, 1.11128e-14, 1.11128e-14, 1.05866e-14, 1.05866e-14
1.08393e+03, 9.82892e-15, 9.82892e-15, 1.18409e-14, 1.18409e-14, 1.12802e-14, 1.12802e-14
1.11944e+03, 1.04364e-14, 1.04364e-14, 1.25727e-14, 1.25727e-14, 1.19774e-14, 1.19774e-14
1.15611e+03, 1.10481e-14, 1.10481e-14, 1.33097e-14, 1.33097e-14, 1.26794e-14, 1.26794e-14
1.19399e+03, 1.16654e-14, 1.16654e-14, 1.40533e-14, 1.40533e-14, 1.33878e-14, 1.33878e-14
1.23310e+03, 1.22900e-14, 1.22900e-14, 1.48057e-14, 1.48057e-14, 1.41046e-14, 1.41046e-14
1.27350e+03, 1.29239e-14, 1.29239e-14, 1.55694e-14, 1.55694e-14, 1.48322e-14, 1.48322e-14
1.31522e+03, 1.35699e-14, 1.35699e-14, 1.63477e-14, 1.63477e-14, 1.55735e-14, 1.55735e-14
1.35831e+03, 1.42311e-14, 1.42311e-14, 1.71441e-14, 1.71441e-14, 1.63323e-14, 1.63323e-14
1.40281e+03, 1.49111e-14, 1.49111e-14, 1.79634e-14, 1.79634e-14, 1.71128e-14, 1.71128e-14
1.44877e+03, 1.56146e-14, 1.56146e-14, 1.88108e-14, 1.88108e-14, 1.79201e-14, 1.79201e-14
1.49624e+03, 1.63467e-14, 1.63467e-14, 1.96929e-14, 1.96929e-14, 1.87604e-14, 1.87604e-14
1.54525e+03, 1.71138e-14, 1.71138e-14, 2.06170e-14, 2.06170e-14, 1.96407e-14, 1.96407e-14
1.59588e+03, 1.79232e-14, 1.79232e-14, 2.15920e-14, 2.15920e-14, 2.05695e-14, 2.05695e-14
1.64816e+03, 1.87832e-14, 1.87832e-14, 2.26281e-14, 2.26281e-14, 2.15565e-14, 2.15565e-14
1.70216e+03, 1.97037e-14, 1.97037e-14, 2.37371e-14, 2.37371e-14, 2.26130e-14, 2.26130e-14
1.75792e+03, 2.06962e-14, 2.06962e-14, 2.49326e-14, 2.49326e-14, 2.37520e-14, 2.37520e-14
1.81552e+03, 2.17729e-14, 2.17729e-14, 2.62298e-14, 2.62298e-14, 2.49877e-14, 2.49877e-14
1.87499e+03, 2.29385e-14, 2.29385e-14, 2.76340e-14, 2.76340e-14, 2.63254e-14, 2.63254e-14
1.93642e+03, 2.41908e-14, 2.41908e-14, 2.91426e-14, 2.91426e-14, 2.77626e-14, 2.77626e-14
1.99986e+03, 2.55261e-14, 2.55261e-14, 3.07512e-14, 3.07512e-14, 2.92950e-14, 2.92950e-14
2.06538e+03, 2.69392e-14, 2.69392e-14, 3.24536e-14, 3.24536e-14, 3.09168e-14, 3.09168e-14
2.13304e+03, 2.84232e-14, 2.84232e-14, 3.42414e-14, 3.42414e-14, 3.26199e-14, 3.26199e-14
2.20293e+03, 2.99691e-14, 2.99691e-14, 3.61037e-14, 3.61037e-14, 3.43940e-14, 3.43940e-14
2.27510e+03, 3.15658e-14, 3.15658e-14, 3.80273e-14, 3.80273e-14, 3.62266e-14, 3.62266e-14
2.34963e+03, 3.32107e-14, 3.32107e-14, 4.00089e-14, 4.00089e-14, 3.81143e-14, 3.81143e-14
2.42661e+03, 3.49112e-14, 3.49112e-14, 4.20575e-14, 4.20575e-14, 4.00659e-14, 4.00659e-14
2.50611e+03, 3.66768e-14, 3.66768e-14, 4.41845e-14, 4.41845e-14, 4.20922e-14, 4.20922e-14
2.58821e+03, 3.85184e-14, 3.85184e-14, 4.64031e-14, 4.64031e-14, 4.42057e-14, 4.42057e-14
2.67301e+03, 4.04488e-14, 4.04488e-14, 4.87286e-14, 4.87286e-14, 4.64212e-14, 4.64212e-14
2.76058e+03, 4.24828e-14, 4.24828e-14, 5.11789e-14, 5.11789e-14, 4.87554e-14, 4.87554e-14
2.85102e+03, 4.46372e-14, 4.46372e-14, 5.37744e-14, 5.37744e-14, 5.12280e-14, 5.12280e-14
2.94442e+03, 4.69240e-14, 4.69240e-14, 5.65293e-14, 5.65293e-14, 5.38524e-14, 5.38524e-14
3.04089e+03, 4.93449e-14, 4.93449e-14, 5.94456e-14, 5.94456e-14, 5.66307e-14, 5.66307e-14
3.14051e+03, 5.18997e-14, 5.18997e-14, 6.25235e-14, 6.25235e-14, 5.95627e-14, 5.95627e-14
3.24340e+03, 5.45873e-14, 5.45873e-14, 6.57613e-14, 6.57613e-14, 6.26472e-14, 6.26472e-14
3.34965e+03, 5.74052e-14, 5.74052e-14, 6.91559e-14, 6.91559e-14, 6.58811e-14, 6.58811e-14
3.45939e+03, 6.03492e-14, 6.03492e-14, 7.27025e-14, 7.27025e-14, 6.92598e-14, 6.92598e-14
3.57273e+03, 6.34133e-14, 6.34133e-14, 7.63939e-14, 7.63939e-14, 7.27763e-14, 7.27763e-14
3.68978e+03, 6.65958e-14, 6.65958e-14, 8.02278e-14, 8.02278e-14, 7.64288e-14, 7.64288e-14
3.81066e+03, 6.99081e-14, 6.99081e-14, 8.42181e-14, 8.42181e-14, 8.02301e-14, 8.02301e-14
3.93550e+03, 7.33648e-14, 7.33648e-14, 8.83824e-14, 8.83824e-14, 8.41972e-14, 8.41972e-14
4.06443e+03, 7.69828e-14, 7.69828e-14, 9.27411e-14, 9.27411e-14, 8.83494e-14, 8.83494e-14
4.19759e+03, 8.07813e-14, 8.07813e-14, 9.73171e-14, 9.73171e-14, 9.27088e-14, 9.27088e-14
4.33511e+03, 8.47820e-14, 8.47820e-14, 1.02137e-13, 1.02137e-13, 9.73002e-14, 9.73002e-14
4.47713e+03, 8.90097e-14, 8.90097e-14, 1.07230e-13, 1.07230e-13, 1.02152e-13, 1.02152e-13
4.62381e+03, 9.34876e-14, 9.34876e-14, 1.12624e-13, 1.12624e-13, 1.07291e-13, 1.07291e-13
4.77529e+03, 9.82248e-14, 9.82248e-14, 1.18331e-13, 1.18331e-13, 1.12728e-13, 1.12728e-13
4.93174e+03, 1.03227e-13, 1.03227e-13, 1.24357e-13, 1.24357e-13, 1.18468e-13, 1.18468e-13
5.09331e+03, 1.08497e-13, 1.08497e-13, 1.30706e-13, 1.30706e-13, 1.24517e-13, 1.24517e-13
5.26017e+03, 1.14040e-13, 1.14040e-13, 1.37383e-13, 1.37383e-13, 1.30878e-13, 1.30878e-13
5.43250e+03, 1.19855e-13, 1.19855e-13, 1.44389e-13, 1.44389e-13, 1.37552e-13, 1.37552e-13
5.61048e+03, 1.25942e-13, 1.25942e-13, 1.51723e-13, 1.51723e-13, 1.44538e-13, 1.44538e-13
5.79429e+03, 1.32307e-13, 1.32307e-13, 1.59389e-13, 1.59389e-13, 1.51842e-13, 1.51842e-13
5.98412e+03, 1.38987e-13, 1.38987e-13, 1.67437e-13, 1.67437e-13, 1.59509e-13, 1.59509e-13
6.18016e+03, 1.46042e-13, 1.46042e-13, 1.75936e-13, 1.75936e-13, 1.67605e-13, 1.67605e-13
6.38263e+03, 1.53538e-13, 1.53538e-13, 1.84967e-13, 1.84967e-13, 1.76208e-13, 1.76208e-13
6.59174e+03, 1.61554e-13, 1.61554e-13, 1.94623e-13, 1.94623e-13, 1.85407e-13, 1.85407e-13
6.80769e+03, 1.70177e-13, 1.70177e-13, 2.05012e-13, 2.05012e-13, 1.95304e-13, 1.95304e-13
7.03072e+03, 1.79512e-13, 1.79512e-13, 2.16258e-13, 2.16258e-13, 2.06017e-13, 2.06017e-13
7.26106e+03, 1.89666e-13, 1.89666e-13, 2.28491e-13, 2.28491e-13, 2.17671e-13, 2.17671e-13
7.49894e+03, 2.00700e-13, 2.00700e-13, 2.41783e-13, 2.41783e-13, 2.30334e-13, 2.30334e-13
7.74462e+03, 2.12643e-13, 2.12643e-13, 2.56171e-13, 2.56171e-13, 2.44040e-13, 2.44040e-13
7.99834e+03, 2.25523e-13, 2.25523e-13, 2.71688e-13, 2.71688e-13, 2.58822e-13, 2.58822e-13
8.26038e+03, 2.39366e-13, 2.39366e-13, 2.88364e-13, 2.88364e-13, 2.74709e-13, 2.74709e-13
8.53100e+03, 2.54192e-13, 2.54192e-13, 3.06225e-13, 3.06225e-13, 2.91724e-13, 2.91724e-13
8.81049e+03, 2.70018e-13, 2.70018e-13, 3.25290e-13, 3.25290e-13, 3.09887e-13, 3.09887e-13
9.09913e+03, 2.86857e-13, 2.86857e-13, 3.45576e-13, 3.45576e-13, 3.29211e-13, 3.29211e-13
9.39723e+03, 3.04742e-13, 3.04742e-13, 3.67122e-13, 3.67122e-13, 3.49737e-13, 3.49737e-13
9.70510e+03, 3.23725e-13, 3.23725e-13, 3.89991e-13, 3.89991e-13, 3.71524e-13, 3.71524e-13
1.00231e+04, 3.43862e-13, 3.43862e-13, 4.14250e-13, 4.14250e-13, 3.94634e-13, 3.94634e-13
1.03514e+04, 3.65208e-13, 3.65208e-13, 4.39966e-13, 4.39966e-13, 4.19132e-13, 4.19132e-13
1.06905e+04, 3.87819e-13, 3.87819e-13, 4.67205e-13, 4.67205e-13, 4.45081e-13, 4.45081e-13
1.10408e+04, 4.11753e-13, 4.11753e-13, 4.96038e-13, 4.96038e-13, 4.72549e-13, 4.72549e-13
1.14025e+04, 4.37069e-13, 4.37069e-13, 5.26536e-13, 5.26536e-13, 5.01603e-13, 5.01603e-13
1.17761e+04, 4.63826e-13, 4.63826e-13, 5.58770e-13, 5.58770e-13, 5.32310e-13, 5.32310e-13
1.21619e+04, 4.92082e-13, 4.92082e-13, 5.92810e-13, 5.92810e-13, 5.64738e-13, 5.64738e-13
1.25603e+04, 5.21897e-13, 5.21897e-13, 6.28728e-13, 6.28728e-13, 5.98955e-13, 5.98955e-13
1.29718e+04, 5.53328e-13, 5.53328e-13, 6.66593e-13, 6.66593e-13, 6.35027e-13, 6.35027e-13
1.33968e+04, 5.86433e-13, 5.86433e-13, 7.06474e-13, 7.06474e-13, 6.73020e-13, 6.73020e-13
1.38357e+04, 6.21267e-13, 6.21267e-13, 7.48439e-13, 7.48439e-13, 7.12997e-13, 7.12997e-13
1.42889e+04, 6.57883e-13, 6.57883e-13, 7.92551e-13, 7.92551e-13, 7.55021e-13, 7.55021e-13
1.47571e+04, 6.96399e-13, 6.96399e-13, 8.38950e-13, 8.38950e-13, 7.99222e-13, 7.99222e-13
1.52405e+04, 7.37036e-13, 7.37036e-13, 8.87905e-13, 8.87905e-13, 8.45860e-13, 8.45860e-13
1.57398e+04, 7.80057e-13, 7.80057e-13, 9.39732e-13, 9.39732e-13, 8.95233e-13, 8.95233e-13
1.62555e+04, 8.25757e-13, 8.25757e-13, 9.94788e-13, 9.94788e-13, 9.47681e-13, 9.47681e-13
1.67880e+04, 8.74475e-13, 8.74475e-13, 1.05348e-12, 1.05348e-12, 1.00359e-12, 1.00359e-12
1.73380e+04, 9.26588e-13, 9.26588e-13, 1.11626e-12, 1.11626e-12, 1.06340e-12, 1.06340e-12
1.79061e+04, 9.82526e-13, 9.82526e-13, 1.18365e-12, 1.18365e-12, 1.12760e-12, 1.12760e-12
1.84927e+04, 1.04264e-12, 1.04264e-12, 1.25606e-12, 1.25606e-12, 1.19658e-12, 1.19658e-12
1.90985e+04, 1.10699e-12, 1.10699e-12, 1.33359e-12, 1.33359e-12, 1.27044e-12, 1.27044e-12
1.97242e+04, 1.17559e-12, 1.17559e-12, 1.41623e-12, 1.41623e-12, 1.34917e-12, 1.34917e-12
2.03704e+04, 1.24841e-12, 1.24841e-12, 1.50396e-12, 1.50396e-12, 1.43274e-12, 1.43274e-12
2.10378e+04, 1.32537e-12, 1.32537e-12, 1.59667e-12, 1.59667e-12, 1.52106e-12, 1.52106e-12
2.17270e+04, 1.40634e-12, 1.40634e-12, 1.69421e-12, 1.69421e-12, 1.61398e-12, 1.61398e-12
2.24388e+04, 1.49113e-12, 1.49113e-12, 1.79636e-12, 1.79636e-12, 1.71130e-12, 1.71130e-12
2.31739e+04, 1.57959e-12, 1.57959e-12, 1.90293e-12, 1.90293e-12, 1.81282e-12, 1.81282e-12
2.39332e+04, 1.67183e-12, 1.67183e-12, 2.01405e-12, 2.01405e-12, 1.91868e-12, 1.91868e-12
2.47172e+04, 1.76805e-12, 1.76805e-12, 2.12997e-12, 2.12997e-12, 2.02911e-12, 2.02911e-12
2.55270e+04, 1.86846e-12, 1.86846e-12, 2.25093e-12, 2.25093e-12, 2.14434e-12, 2.14434e-12
2.63633e+04, 1.97326e-12, 1.97326e-12, 2.37718e-12, 2.37718e-12, 2.26461e-12, 2.26461e-12
2.72270e+04, 2.08269e-12, 2.08269e-12, 2.50901e-12, 2.50901e-12, 2.39020e-12, 2.39020e-12
2.81190e+04, 2.19700e-12, 2.19700e-12, 2.64672e-12, 2.64672e-12, 2.52139e-12, 2.52139e-12
2.90402e+04, 2.31645e-12, 2.31645e-12, 2.79062e-12, 2.79062e-12, 2.65848e-12, 2.65848e-12
2.99916e+04, 2.44143e-12, 2.44143e-12, 2.94118e-12, 2.94118e-12, 2.80191e-12, 2.80191e-12
3.09742e+04, 2.57237e-12, 2.57237e-12, 3.09893e-12, 3.09893e-12, 2.95218e-12, 2.95218e-12
3.19890e+04, 2.70976e-12, 2.70976e-12, 3.26445e-12, 3.26445e-12, 3.10986e-12, 3.10986e-12
3.30370e+04, 2.85415e-12, 2.85415e-12, 3.43838e-12, 3.43838e-12, 3.27556e-12, 3.27556e-12
3.41193e+04, 3.00612e-12, 3.00612e-12, 3.62146e-12, 3.62146e-12, 3.44997e-12, 3.44997e-12
3.52371e+04, 3.16633e-12, 3.16633e-12, 3.81448e-12, 3.81448e-12, 3.63385e-12, 3.63385e-12
3.63915e+04, 3.33550e-12, 3.33550e-12, 4.01827e-12, 4.01827e-12, 3.82799e-12, 3.82799e-12
3.75837e+04, 3.51409e-12, 3.51409e-12, 4.23342e-12, 4.23342e-12, 4.03295e-12, 4.03295e-12
3.88150e+04, 3.70247e-12, 3.70247e-12, 4.46036e-12, 4.46036e-12, 4.24915e-12, 4.24915e-12
4.00867e+04, 3.90100e-12, 3.90100e-12, 4.69953e-12, 4.69953e-12, 4.47699e-12, 4.47699e-12
4.14000e+04, 4.11002e-12, 4.11002e-12, 4.95133e-12, 4.95133e-12, 4.71687e-12, 4.71687e-12
4.27563e+04, 4.32986e-12, 4.32986e-12, 5.21618e-12, 5.21618e-12, 4.96917e-12, 4.96917e-12
4.41570e+04, 4.56085e-12, 4.56085e-12, 5.49445e-12, 5.49445e-12, 5.23427e-12, 5.23427e-12
4.56037e+04, 4.80330e-12, 4.80330e-12, 5.78653e-12, 5.78653e-12, 5.51251e-12, 5.51251e-12
4.70977e+04, 5.05788e-12, 5.05788e-12, 6.09321e-12, 6.09321e-12, 5.80468e-12, 5.80468e-12
4.86407e+04, 5.32554e-12, 5.32554e-12, 6.41567e-12, 6.41567e-12, 6.11186e-12, 6.11186e-12
5.02343e+04, 5.60738e-12, 5.60738e-12, 6.75520e-12, 6.75520e-12, 6.43531e-12, 6.43531e-12
5.18800e+04, 5.90457e-12, 5.90457e-12, 7.11322e-12, 7.11322e-12, 6.77638e-12, 6.77638e-12
5.35797e+04, 6.21842e-12, 6.21842e-12, 7.49132e-12, 7.49132e-12, 7.13658e-12, 7.13658e-12
5.53350e+04, 6.55039e-12, 6.55039e-12, 7.89124e-12, 7.89124e-12, 7.51756e-12, 7.51756e-12
5.71479e+04, 6.90206e-12, 6.90206e-12, 8.31490e-12, 8.31490e-12, 7.92116e-12, 7.92116e-12
5.90201e+04, 7.27507e-12, 7.27507e-12, 8.76427e-12, 8.76427e-12, 8.34924e-12, 8.34924e-12
6.09537e+04, 7.67107e-12, 7.67107e-12, 9.24132e-12, 9.24132e-12, 8.80371e-12, 8.80371e-12
6.29506e+04, 8.09185e-12, 8.09185e-12, 9.74823e-12, 9.74823e-12, 9.28662e-12, 9.28662e-12
6.50130e+04, 8.53936e-12, 8.53936e-12, 1.02874e-11, 1.02874e-11, 9.80021e-12, 9.80021e-12
6.71429e+04, 9.01575e-12, 9.01575e-12, 1.08613e-11, 1.08613e-11, 1.03469e-11, 1.03469e-11
6.93426e+04, 9.52332e-12, 9.52332e-12, 1.14727e-11, 1.14727e-11, 1.09294e-11, 1.09294e-11
7.16143e+04, 1.00646e-11, 1.00646e-11, 1.21248e-11, 1.21248e-11, 1.15507e-11, 1.15507e-11
7.39605e+04, 1.06428e-11, 1.06428e-11, 1.28214e-11, 1.28214e-11, 1.22143e-11, 1.22143e-11
7.63836e+04, 1.12620e-11, 1.12620e-11, 1.35673e-11, 1.35673e-11, 1.29249e-11, 1.29249e-11
7.88860e+04, 1.19268e-11, 1.19268e-11, 1.43681e-11, 1.43681e-11, 1.36878e-11, 1.36878e-11
8.14704e+04, 1.26422e-11, 1.26422e-11, 1.52301e-11, 1.52301e-11, 1.45089e-11, 1.45089e-11
8.41395e+04, 1.34142e-11, 1.34142e-11, 1.61601e-11, 1.61601e-11, 1.53949e-11, 1.53949e-11
8.68960e+04, 1.42492e-11, 1.42492e-11, 1.71660e-11, 1.71660e-11, 1.63531e-11, 1.63531e-11
8.97429e+04, 1.51544e-11, 1.51544e-11, 1.82565e-11, 1.82565e-11, 1.73920e-11, 1.73920e-11
9.26830e+04, 1.61367e-11, 1.61367e-11, 1.94398e-11, 1.94398e-11, 1.85193e-11, 1.85193e-11
9.57194e+04, 1.72010e-11, 1.72010e-11, 2.07221e-11, 2.07221e-11, 1.97408e-11, 1.97408e-11
9.88553e+04, 1.83524e-11, 1.83524e-11, 2.21091e-11, 2.21091e-11, 2.10621e-11, 2.10621e-11
1.02094e+05, 1.95958e-11, 1.95958e-11, 2.36070e-11, 2.36070e-11, 2.24892e-11, 2.24892e-11
1.05439e+05, 2.09366e-11, 2.09366e-11, 2.52223e-11, 2.52223e-11, 2.40279e-11, 2.40279e-11
1.08893e+05, 2.23802e-11, 2.23802e-11, 2.69614e-11, 2.69614e-11, 2.56847e-11, 2.56847e-11
1.12460e+05, 2.39323e-11, 2.39323e-11, 2.88312e-11, 2.88312e-11, 2.74660e-11, 2.74660e-11
1.16145e+05, 2.55994e-11, 2.55994e-11, 3.08395e-11, 3.08395e-11, 2.93792e-11, 2.93792e-11
1.19950e+05, 2.73905e-11, 2.73905e-11, 3.29973e-11, 3.29973e-11, 3.14347e-11, 3.14347e-11
1.23880e+05, 2.93160e-11, 2.93160e-11, 3.53169e-11, 3.53169e-11, 3.36445e-11, 3.36445e-11
1.27938e+05, 3.13870e-11, 3.13870e-11, 3.78118e-11, 3.78118e-11, 3.60213e-11, 3.60213e-11
1.32130e+05, 3.36158e-11, 3.36158e-11, 4.04969e-11, 4.04969e-11, 3.85792e-11, 3.85792e-11
1.36458e+05, 3.60157e-11, 3.60157e-11, 4.33880e-11, 4.33880e-11, 4.13334e-11, 4.13334e-11
1.40929e+05, 3.86012e-11, 3.86012e-11, 4.65028e-11, 4.65028e-11, 4.43007e-11, 4.43007e-11
1.45546e+05, 4.13864e-11, 4.13864e-11, 4.98581e-11, 4.98581e-11, 4.74971e-11, 4.74971e-11
1.50314e+05, 4.43765e-11, 4.43765e-11, 5.34603e-11, 5.34603e-11, 5.09288e-11, 5.09288e-11
1.55239e+05, 4.75732e-11, 4.75732e-11, 5.73113e-11, 5.73113e-11, 5.45974e-11, 5.45974e-11
1.60325e+05, 5.09762e-11, 5.09762e-11, 6.14109e-11, 6.14109e-11, 5.85028e-11, 5.85028e-11
1.65577e+05, 5.45835e-11, 5.45835e-11, 6.57566e-11, 6.57566e-11, 6.26428e-11, 6.26428e-11
1.71002e+05, 5.83909e-11, 5.83909e-11, 7.03434e-11, 7.03434e-11, 6.70124e-11, 6.70124e-11
1.76604e+05, 6.23916e-11, 6.23916e-11, 7.51630e-11, 7.51630e-11, 7.16038e-11, 7.16038e-11
1.82390e+05, 6.65771e-11, 6.65771e-11, 8.02053e-11, 8.02053e-11, 7.64073e-11, 7.64073e-11
1.88365e+05, 7.09485e-11, 7.09485e-11, 8.54715e-11, 8.54715e-11, 8.14241e-11, 8.14241e-11
1.94536e+05, 7.55115e-11, 7.55115e-11, 9.09686e-11, 9.09686e-11, 8.66609e-11, 8.66609e-11
2.00909e+05, 8.02720e-11, 8.02720e-11, 9.67035e-11, 9.67035e-11, 9.21242e-11, 9.21242e-11
2.07491e+05, 8.52353e-11, 8.52353e-11, 1.02683e-10, 1.02683e-10, 9.78204e-11, 9.78204e-11
2.14289e+05, 9.04067e-11, 9.04067e-11, 1.08913e-10, 1.08913e-10, 1.03755e-10, 1.03755e-10
2.21309e+05, 9.57909e-11, 9.57909e-11, 1.15399e-10, 1.15399e-10, 1.09935e-10, 1.09935e-10
2.28560e+05, 1.01392e-10, 1.01392e-10, 1.22146e-10, 1.22146e-10, 1.16362e-10, 1.16362e-10
2.36048e+05, 1.07206e-10, 1.07206e-10, 1.29150e-10, 1.29150e-10, 1.23035e-10, 1.23035e-10
2.43781e+05, 1.13222e-10, 1.13222e-10, 1.36398e-10, 1.36398e-10, 1.29939e-10, 1.29939e-10
2.51768e+05, 1.19426e-10, 1.19426e-10, 1.43873e-10, 1.43873e-10, 1.37060e-10, 1.37060e-10
2.60016e+05, 1.25801e-10, 1.25801e-10, 1.51552e-10, 1.51552e-10, 1.44375e-10, 1.44375e-10
2.68534e+05, 1.32322e-10, 1.32322e-10, 1.59408e-10, 1.59408e-10, 1.51859e-10, 1.51859e-10
2.77332e+05, 1.38962e-10, 1.38962e-10, 1.67407e-10, 1.67407e-10, 1.59480e-10, 1.59480e-10
2.86418e+05, 1.45687e-10, 1.45687e-10, 1.75509e-10, 1.75509e-10, 1.67198e-10, 1.67198e-10
2.95801e+05, 1.52470e-10, 1.52470e-10, 1.83681e-10, 1.83681e-10, 1.74983e-10, 1.74983e-10
3.05492e+05, 1.59296e-10, 1.59296e-10, 1.91904e-10, 1.91904e-10, 1.82816e-10, 1.82816e-10
3.15500e+05, 1.66146e-10, 1.66146e-10, 2.00156e-10, 2.00156e-10, 1.90678e-10, 1.90678e-10
3.25837e+05, 1.73000e-10, 1.73000e-10, 2.08413e-10, 2.08413e-10, 1.98544e-10, 1.98544e-10
3.36512e+05, 1.79834e-10, 1.79834e-10, 2.16646e-10, 2.16646e-10, 2.06387e-10, 2.06387e-10
3.47536e+05, 1.86621e-10, 1.86621e-10, 2.24822e-10, 2.24822e-10, 2.14176e-10, 2.14176e-10
3.58922e+05, 1.93331e-10, 1.93331e-10, 2.32905e-10, 2.32905e-10, 2.21876e-10, 2.21876e-10
3.70681e+05, 1.99933e-10, 1.99933e-10, 2.40859e-10, 2.40859e-10, 2.29454e-10, 2.29454e-10
3.82825e+05, 2.06403e-10, 2.06403e-10, 2.48653e-10, 2.48653e-10, 2.36878e-10, 2.36878e-10
3.95367e+05, 2.12711e-10, 2.12711e-10, 2.56252e-10, 2.56252e-10, 2.44118e-10, 2.44118e-10
4.08319e+05, 2.18828e-10, 2.18828e-10, 2.63622e-10, 2.63622e-10, 2.51138e-10, 2.51138e-10
4.21697e+05, 2.24721e-10, 2.24721e-10, 2.70721e-10, 2.70721e-10, 2.57901e-10, 2.57901e-10
4.35512e+05, 2.30354e-10, 2.30354e-10, 2.77507e-10, 2.77507e-10, 2.64366e-10, 2.64366e-10
4.49780e+05, 2.35688e-10, 2.35688e-10, 2.83933e-10, 2.83933e-10, 2.70488e-10, 2.70488e-10
4.64515e+05, 2.40689e-10, 2.40689e-10, 2.89958e-10, 2.89958e-10, 2.76227e-10, 2.76227e-10
4.79733e+05, 2.45339e-10, 2.45339e-10, 2.95559e-10, 2.95559e-10, 2.81563e-10, 2.81563e-10
4.95450e+05, 2.49623e-10, 2.49623e-10, 3.00720e-10, 3.00720e-10, 2.86480e-10, 2.86480e-10
5.11682e+05, 2.53530e-10, 2.53530e-10, 3.05427e-10, 3.05427e-10, 2.90964e-10, 2.90964e-10
5.28445e+05, 2.57050e-10, 2.57050e-10, 3.09668e-10, 3.09668e-10, 2.95004e-10, 2.95004e-10
5.45758e+05, 2.60181e-10, 2.60181e-10, 3.13439e-10, 3.13439e-10, 2.98597e-10, 2.98597e-10
5.63638e+05, 2.62920e-10, 2.62920e-10, 3.16739e-10, 3.16739e-10, 3.01740e-10, 3.01740e-10
5.82103e+05, 2.65267e-10, 2.65267e-10, 3.19567e-10, 3.19567e-10, 3.04434e-10, 3.04434e-10
6.01174e+05, 2.67203e-10, 2.67203e-10, 3.21899e-10, 3.21899e-10, 3.06656e-10, 3.06656e-10
6.20869e+05, 2.68704e-10, 2.68704e-10, 3.23707e-10, 3.23707e-10, 3.08378e-10, 3.08378e-10
6.41210e+05, 2.69747e-10, 2.69747e-10, 3.24964e-10, 3.24964e-10, 3.09576e-10, 3.09576e-10
6.62217e+05, 2.70313e-10, 2.70313e-10, 3.25645e-10, 3.25645e-10, 3.10225e-10, 3.10225e-10
6.83912e+05, 2.70381e-10, 2.70381e-10, 3.25727e-10, 3.25727e-10, 3.10303e-10, 3.10303e-10
7.06318e+05, 2.69934e-10, 2.69934e-10, 3.25189e-10, 3.25189e-10, 3.09790e-10, 3.09790e-10
7.29458e+05, 2.68961e-10, 2.68961e-10, 3.24017e-10, 3.24017e-10, 3.08673e-10, 3.08673e-10
7.53356e+05, 2.67460e-10, 2.67460e-10, 3.22209e-10, 3.22209e-10, 3.06951e-10, 3.06951e-10
7.78037e+05, 2.65442e-10, 2.65442e-10, 3.19777e-10, 3.19777e-10, 3.04634e-10, 3.04634e-10
8.03526e+05, 2.62922e-10, 2.62922e-10, 3.16741e-10, 3.16741e-10, 3.01742e-10, 3.01742e-10
8.29851e+05, 2.59927e-10, 2.59927e-10, 3.13133e-10, 3.13133e-10, 2.98305e-10, 2.98305e-10
8.57038e+05, 2.56494e-10, 2.56494e-10, 3.08998e-10, 3.08998e-10, 2.94366e-10, 2.94366e-10
8.85116e+05, 2.52675e-10, 2.52675e-10, 3.04397e-10, 3.04397e-10, 2.89983e-10, 2.89983e-10
9.14113e+05, 2.48528e-10, 2.48528e-10, 2.99401e-10, 2.99401e-10, 2.85223e-10, 2.85223e-10
9.44061e+05, 2.44089e-10, 2.44089e-10, 2.94053e-10, 2.94053e-10, 2.80129e-10, 2.80129e-10
9.74990e+05, 2.39383e-10, 2.39383e-10, 2.88384e-10, 2.88384e-10, 2.74728e-10, 2.74728e-10
1.00693e+06, 2.34442e-10, 2.34442e-10, 2.82432e-10, 2.82432e-10, 2.69058e-10, 2.69058e-10
1.03992e+06, 2.29309e-10, 2.29309e-10, 2.76248e-10, 2.76248e-10, 2.63167e-10, 2.63167e-10
1.07399e+06, 2.24035e-10, 2.24035e-10, 2.69895e-10, 2.69895e-10, 2.57115e-10, 2.57115e-10
1.10917e+06, 2.18685e-10, 2.18685e-10, 2.63449e-10, 2.63449e-10, 2.50974e-10, 2.50974e-10
1.14551e+06, 2.13330e-10, 2.13330e-10, 2.56999e-10, 2.56999e-10, 2.44829e-10, 2.44829e-10
1.18304e+06, 2.08009e-10, 2.08009e-10, 2.50588e-10, 2.50588e-10, 2.38721e-10, 2.38721e-10
1.22180e+06, 2.02727e-10, 2.02727e-10, 2.44225e-10, 2.44225e-10, 2.32660e-10, 2.32660e-10
1.26183e+06, 1.97490e-10, 1.97490e-10, 2.37916e-10, 2.37916e-10, 2.26650e-10, 2.26650e-10
1.30317e+06, 1.92303e-10, 1.92303e-10, 2.31667e-10, 2.31667e-10, 2.20697e-10, 2.20697e-10
1.34586e+06, 1.87171e-10, 1.87171e-10, 2.25484e-10, 2.25484e-10, 2.14807e-10, 2.14807e-10
1.38995e+06, 1.82096e-10, 1.82096e-10, 2.19371e-10, 2.19371e-10, 2.08983e-10, 2.08983e-10
1.43549e+06, 1.77081e-10, 1.77081e-10, 2.13330e-10, 2.13330e-10, 2.03228e-10, 2.03228e-10
1.48252e+06, 1.72131e-10, 1.72131e-10, 2.07366e-10, 2.07366e-10, 1.97546e-10, 1.97546e-10
1.53109e+06, 1.67253e-10, 1.67253e-10, 2.01489e-10, 2.01489e-10, 1.91948e-10, 1.91948e-10
1.58125e+06, 1.62453e-10, 1.62453e-10, 1.95707e-10, 1.95707e-10, 1.86440e-10, 1.86440e-10
1.63305e+06, 1.57740e-10, 1.57740e-10, 1.90029e-10, 1.90029e-10, 1.81030e-10, 1.81030e-10
1.68655e+06, 1.53118e-10, 1.53118e-10, 1.84460e-10, 1.84460e-10, 1.75726e-10, 1.75726e-10
1.74181e+06, 1.48592e-10, 1.48592e-10, 1.79008e-10, 1.79008e-10, 1.70532e-10, 1.70532e-10
1.79887e+06, 1.44166e-10, 1.44166e-10, 1.73677e-10, 1.73677e-10, 1.65453e-10, 1.65453e-10
1.85780e+06, 1.39850e-10, 1.39850e-10, 1.68477e-10, 1.68477e-10, 1.60499e-10, 1.60499e-10
1.91867e+06, 1.35663e-10, 1.35663e-10, 1.63433e-10, 1.63433e-10, 1.55694e-10, 1.55694e-10
1.98153e+06, 1.31626e-10, 1.31626e-10, 1.58570e-10, 1.58570e-10, 1.51061e-10, 1.51061e-10
2.04644e+06, 1.27763e-10, 1.27763e-10, 1.53916e-10, 1.53916e-10, 1.46627e-10, 1.46627e-10
2.11349e+06, 1.24099e-10, 1.24099e-10, 1.49501e-10, 1.49501e-10, 1.42422e-10, 1.42422e-10
2.18273e+06, 1.20661e-10, 1.20661e-10, 1.45360e-10, 1.45360e-10, 1.38476e-10, 1.38476e-10
2.25424e+06, 1.17479e-10, 1.17479e-10, 1.41527e-10, 1.41527e-10, 1.34825e-10, 1.34825e-10
2.32809e+06, 1.14579e-10, 1.14579e-10, 1.38033e-10, 1.38033e-10, 1.31497e-10, 1.31497e-10
2.40436e+06, 1.11975e-10, 1.11975e-10, 1.34896e-10, 1.34896e-10, 1.28508e-10, 1.28508e-10
2.48313e+06, 1.09676e-10, 1.09676e-10, 1.32127e-10, 1.32127e-10, 1.25870e-10, 1.25870e-10
2.56448e+06, 1.07692e-10, 1.07692e-10, 1.29736e-10, 1.29736e-10, 1.23592e-10, 1.23592e-10
2.64850e+06, 1.06027e-10, 1.06027e-10, 1.27730e-10, 1.27730e-10, 1.21682e-10, 1.21682e-10
2.73527e+06, 1.04683e-10, 1.04683e-10, 1.26112e-10, 1.26112e-10, 1.20140e-10, 1.20140e-10
2.82488e+06, 1.03660e-10, 1.03660e-10, 1.24879e-10, 1.24879e-10, 1.18966e-10, 1.18966e-10
2.91743e+06, 1.02958e-10, 1.02958e-10, 1.24033e-10, 1.24033e-10, 1.18160e-10, 1.18160e-10
3.01301e+06, 1.02601e-10, 1.02601e-10, 1.23603e-10, 1.23603e-10, 1.17750e-10, 1.17750e-10
3.11172e+06, 1.02618e-10, 1.02618e-10, 1.23623e-10, 1.23623e-10, 1.17769e-10, 1.17769e-10
3.21366e+06, 1.03039e-10, 1.03039e-10, 1.24131e-10, 1.24131e-10, 1.18253e-10, 1.18253e-10
3.31894e+06, 1.03898e-10, 1.03898e-10, 1.25166e-10, 1.25166e-10, 1.19239e-10, 1.19239e-10
3.42768e+06, 1.05229e-10, 1.05229e-10, 1.26769e-10, 1.26769e-10, 1.20766e-10, 1.20766e-10
3.53997e+06, 1.07066e-10, 1.07066e-10, 1.28982e-10, 1.28982e-10, 1.22875e-10, 1.22875e-10
3.65595e+06, 1.09447e-10, 1.09447e-10, 1.31851e-10, 1.31851e-10, 1.25607e-10, 1.25607e-10
3.77572e+06, 1.12407e-10, 1.12407e-10, 1.35417e-10, 1.35417e-10, 1.29004e-10, 1.29004e-10
3.89942e+06, 1.15983e-10, 1.15983e-10, 1.39724e-10, 1.39724e-10, 1.33108e-10, 1.33108e-10
4.02717e+06, 1.20209e-10, 1.20209e-10, 1.44816e-10, 1.44816e-10, 1.37958e-10, 1.37958e-10
4.15911e+06, 1.25125e-10, 1.25125e-10, 1.50737e-10, 1.50737e-10, 1.43599e-10, 1.43599e-10
4.29536e+06, 1.30765e-10, 1.30765e-10, 1.57533e-10, 1.57533e-10, 1.50073e-10, 1.50073e-10
4.43609e+06, 1.37168e-10, 1.37168e-10, 1.65247e-10, 1.65247e-10, 1.57422e-10, 1.57422e-10
4.58142e+06, 1.44369e-10, 1.44369e-10, 1.73920e-10, 1.73920e-10, 1.65685e-10, 1.65685e-10
4.73151e+06, 1.52380e-10, 1.52380e-10, 1.83572e-10, 1.83572e-10, 1.74879e-10, 1.74879e-10
4.88652e+06, 1.61202e-10, 1.61202e-10, 1.94200e-10, 1.94200e-10, 1.85004e-10, 1.85004e-10
5.04661e+06, 1.70826e-10, 1.70826e-10, 2.05794e-10, 2.05794e-10, 1.96049e-10, 1.96049e-10
5.21195e+06, 1.81234e-10, 1.81234e-10, 2.18332e-10, 2.18332e-10, 2.07993e-10, 2.07993e-10
5.38270e+06, 1.92394e-10, 1.92394e-10, 2.31777e-10, 2.31777e-10, 2.20801e-10, 2.20801e-10
5.55904e+06, 2.04263e-10, 2.04263e-10, 2.46076e-10, 2.46076e-10, 2.34423e-10, 2.34423e-10
5.74116e+06, 2.16786e-10, 2.16786e-10, 2.61162e-10, 2.61162e-10, 2.48795e-10, 2.48795e-10
5.92925e+06, 2.29955e-10, 2.29955e-10, 2.77026e-10, 2.77026e-10, 2.63908e-10, 2.63908e-10
6.12350e+06, 2.43799e-10, 2.43799e-10, 2.93704e-10, 2.93704e-10, 2.79796e-10, 2.79796e-10
6.32412e+06, 2.58350e-10, 2.58350e-10, 3.11234e-10, 3.11234e-10, 2.96496e-10, 2.96496e-10
6.53131e+06, 2.73642e-10, 2.73642e-10, 3.29656e-10, 3.29656e-10, 3.14045e-10, 3.14045e-10
6.74528e+06, 2.89708e-10, 2.89708e-10, 3.49011e-10, 3.49011e-10, 3.32484e-10, 3.32484e-10
6.96627e+06, 3.06584e-10, 3.06584e-10, 3.69341e-10, 3.69341e-10, 3.51851e-10, 3.51851e-10
7.19449e+06, 3.24305e-10, 3.24305e-10, 3.90689e-10, 3.90689e-10, 3.72188e-10, 3.72188e-10
7.43019e+06, 3.42888e-10, 3.42888e-10, 4.13077e-10, 4.13077e-10, 3.93516e-10, 3.93516e-10
7.67361e+06, 3.62332e-10, 3.62332e-10, 4.36501e-10, 4.36501e-10, 4.15831e-10, 4.15831e-10
7.92501e+06, 3.82624e-10, 3.82624e-10, 4.60947e-10, 4.60947e-10, 4.39119e-10, 4.39119e-10
8.18465e+06, 4.03745e-10, 4.03745e-10, 4.86391e-10, 4.86391e-10, 4.63358e-10, 4.63358e-10
8.45279e+06, 4.25663e-10, 4.25663e-10, 5.12796e-10, 5.12796e-10, 4.88513e-10, 4.88513e-10
8.72971e+06, 4.48337e-10, 4.48337e-10, 5.40111e-10, 5.40111e-10, 5.14535e-10, 5.14535e-10
9.01571e+06, 4.71712e-10, 4.71712e-10, 5.68270e-10, 5.68270e-10, 5.41360e-10, 5.41360e-10
9.31108e+06, 4.95731e-10, 4.95731e-10, 5.97206e-10, 5.97206e-10, 5.68926e-10, 5.68926e-10
9.61612e+06, 5.20349e-10, 5.20349e-10, 6.26864e-10, 6.26864e-10, 5.97179e-10, 5.97179e-10
9.93116e+06, 5.45509e-10, 5.45509e-10, 6.57174e-10, 6.57174e-10, 6.26054e-10, 6.26054e-10
1.02565e+07, 5.71141e-10, 5.71141e-10, 6.88052e-10, 6.88052e-10, 6.55471e-10, 6.55471e-10
1.05925e+07, 5.97160e-10, 5.97160e-10, 7.19397e-10, 7.19397e-10, 6.85331e-10, 6.85331e-10
1.09396e+07, 6.23463e-10, 6.23463e-10, 7.51084e-10, 7.51084e-10, 7.15517e-10, 7.15517e-10
1.12980e+07, 6.49928e-10, 6.49928e-10, 7.82966e-10, 7.82966e-10, 7.45890e-10, 7.45890e-10
1.16681e+07, 6.76448e-10, 6.76448e-10, 8.14916e-10, 8.14916e-10, 7.76327e-10, 7.76327e-10
1.20504e+07, 7.02987e-10, 7.02987e-10, 8.46887e-10, 8.46887e-10, 8.06784e-10, 8.06784e-10
1.24451e+07, 7.29513e-10, 7.29513e-10, 8.78843e-10, 8.78843e-10, 8.37227e-10, 8.37227e-10
1.28529e+07, 7.55998e-10, 7.55998e-10, 9.10749e-10, 9.10749e-10, 8.67622e-10, 8.67622e-10
1.32739e+07, 7.82412e-10, 7.82412e-10, 9.42570e-10, 9.42570e-10, 8.97936e-10, 8.97936e-10
1.37088e+07, 8.08725e-10, 8.08725e-10, 9.74270e-10, 9.74270e-10, 9.28134e-10, 9.28134e-10
1.41579e+07, 8.34910e-10, 8.34910e-10, 1.00581e-09, 1.00581e-09, 9.58185e-10, 9.58185e-10
1.46218e+07, 8.60923e-10, 8.60923e-10, 1.03715e-09, 1.03715e-09, 9.88039e-10, 9.88039e-10
1.51008e+07, 8.86662e-10, 8.86662e-10, 1.06816e-09, 1.06816e-09, 1.01758e-09, 1.01758e-09
1.55955e+07, 9.12001e-10, 9.12001e-10, 1.09869e-09, 1.09869e-09, 1.04666e-09, 1.04666e-09
1.61065e+07, 9.36796e-10, 9.36796e-10, 1.12856e-09, 1.12856e-09, 1.07512e-09, 1.07512e-09
1.66341e+07, 9.60888e-10, 9.60888e-10, 1.15758e-09, 1.15758e-09, 1.10276e-09, 1.10276e-09
1.71791e+07, 9.84096e-10, 9.84096e-10, 1.18554e-09, 1.18554e-09, 1.12940e-09, 1.12940e-09
1.77419e+07, 1.00622e-09, 1.00622e-09, 1.21219e-09, 1.21219e-09, 1.15479e-09, 1.15479e-09
1.83231e+07, 1.02705e-09, 1.02705e-09, 1.23728e-09, 1.23728e-09, 1.17869e-09, 1.17869e-09
1.89234e+07, 1.04651e-09, 1.04651e-09, 1.26073e-09, 1.26073e-09, 1.20103e-09, 1.20103e-09
1.95434e+07, 1.06456e-09, 1.06456e-09, 1.28247e-09, 1.28247e-09, 1.22174e-09, 1.22174e-09
2.01837e+07, 1.08117e-09, 1.08117e-09, 1.30249e-09, 1.30249e-09, 1.24081e-09, 1.24081e-09
2.08449e+07, 1.09635e-09, 1.09635e-09, 1.32077e-09, 1.32077e-09, 1.25823e-09, 1.25823e-09
2.15278e+07, 1.11011e-09, 1.11011e-09, 1.33735e-09, 1.33735e-09, 1.27402e-09, 1.27402e-09
2.22331e+07, 1.12248e-09, 1.12248e-09, 1.35225e-09, 1.35225e-09, 1.28822e-09, 1.28822e-09
2.29615e+07, 1.13352e-09, 1.13352e-09, 1.36555e-09, 1.36555e-09, 1.30089e-09, 1.30089e-09
2.37137e+07, 1.14322e-09, 1.14322e-09, 1.37724e-09, 1.37724e-09, 1.31202e-09, 1.31202e-09
2.44906e+07, 1.15153e-09, 1.15153e-09, 1.38724e-09, 1.38724e-09, 1.32155e-09, 1.32155e-09
2.52930e+07, 1.15840e-09, 1.15840e-09, 1.39552e-09, 1.39552e-09, 1.32943e-09, 1.32943e-09
2.61216e+07, 1.16380e-09, 1.16380e-09, 1.40202e-09, 1.40202e-09, 1.33563e-09, 1.33563e-09
2.69774e+07, 1.16771e-09, 1.16771e-09, 1.40674e-09, 1.40674e-09, 1.34013e-09, 1.34013e-09
2.78612e+07, 1.17015e-09, 1.17015e-09, 1.40967e-09, 1.40967e-09, 1.34292e-09, 1.34292e-09
2.87740e+07, 1.17111e-09, 1.17111e-09, 1.41083e-09, 1.41083e-09, 1.34402e-09, 1.34402e-09
2.97167e+07, 1.17058e-09, 1.17058e-09, 1.41019e-09, 1.41019e-09, 1.34341e-09, 1.34341e-09
3.06902e+07, 1.16852e-09, 1.16852e-09, 1.40771e-09, 1.40771e-09, 1.34105e-09, 1.34105e-09
3.16957e+07, 1.16490e-09, 1.16490e-09, 1.40336e-09, 1.40336e-09, 1.33690e-09, 1.33690e-09
3.27341e+07, 1.15971e-09, 1.15971e-09, 1.39710e-09, 1.39710e-09, 1.33094e-09, 1.33094e-09
3.38065e+07, 1.15293e-09, 1.15293e-09, 1.38894e-09, 1.38894e-09, 1.32317e-09, 1.32317e-09
3.49140e+07, 1.14459e-09, 1.14459e-09, 1.37889e-09, 1.37889e-09, 1.31360e-09, 1.31360e-09
3.60579e+07, 1.13473e-09, 1.13473e-09, 1.36700e-09, 1.36700e-09, 1.30227e-09, 1.30227e-09
3.72392e+07, 1.12335e-09, 1.12335e-09, 1.35330e-09, 1.35330e-09, 1.28922e-09, 1.28922e-09
3.84592e+07, 1.11049e-09, 1.11049e-09, 1.33780e-09, 1.33780e-09, 1.27445e-09, 1.27445e-09
3.97192e+07, 1.09616e-09, 1.09616e-09, 1.32054e-09, 1.32054e-09, 1.25800e-09, 1.25800e-09
4.10204e+07, 1.08041e-09, 1.08041e-09, 1.30157e-09, 1.30157e-09, 1.23993e-09, 1.23993e-09
4.23643e+07, 1.06332e-09, 1.06332e-09, 1.28098e-09, 1.28098e-09, 1.22032e-09, 1.22032e-09
4.37522e+07, 1.04499e-09, 1.04499e-09, 1.25890e-09, 1.25890e-09, 1.19928e-09, 1.19928e-09
4.51856e+07, 1.02556e-09, 1.02556e-09, 1.23549e-09, 1.23549e-09, 1.17698e-09, 1.17698e-09
4.66659e+07, 1.00514e-09, 1.00514e-09, 1.21089e-09, 1.21089e-09, 1.15355e-09, 1.15355e-09
4.81948e+07, 9.83777e-10, 9.83777e-10, 1.18515e-09, 1.18515e-09, 1.12903e-09, 1.12903e-09
4.97737e+07, 9.61543e-10, 9.61543e-10, 1.15837e-09, 1.15837e-09, 1.10352e-09, 1.10352e-09
5.14044e+07, 9.38516e-10, 9.38516e-10, 1.13063e-09, 1.13063e-09, 1.07709e-09, 1.07709e-09
5.30884e+07, 9.14801e-10, 9.14801e-10, 1.10206e-09, 1.10206e-09, 1.04987e-09, 1.04987e-09
5.48277e+07, 8.90528e-10, 8.90528e-10, 1.07282e-09, 1.07282e-09, 1.02202e-09, 1.02202e-09
5.66239e+07, 8.65857e-10, 8.65857e-10, 1.04310e-09, 1.04310e-09, 9.93701e-10, 9.93701e-10
5.84790e+07, 8.40923e-10, 8.40923e-10, 1.01306e-09, 1.01306e-09, 9.65086e-10, 9.65086e-10
6.03949e+07, 8.15758e-10, 8.15758e-10, 9.82742e-10, 9.82742e-10, 9.36205e-10, 9.36205e-10
6.23735e+07, 7.90381e-10, 7.90381e-10, 9.52170e-10, 9.52170e-10, 9.07081e-10, 9.07081e-10
6.44169e+07, 7.64811e-10, 7.64811e-10, 9.21367e-10, 9.21367e-10, 8.77736e-10, 8.77736e-10
6.65273e+07, 7.39070e-10, 7.39070e-10, 8.90356e-10, 8.90356e-10, 8.48194e-10, 8.48194e-10
6.87068e+07, 7.13177e-10, 7.13177e-10, 8.59163e-10, 8.59163e-10, 8.18478e-10, 8.18478e-10
7.09578e+07, 6.87156e-10, 6.87156e-10, 8.27816e-10, 8.27816e-10, 7.88615e-10, 7.88615e-10
7.32825e+07, 6.61040e-10, 6.61040e-10, 7.96354e-10, 7.96354e-10, 7.58644e-10, 7.58644e-10
7.56833e+07, 6.34906e-10, 6.34906e-10, 7.64870e-10, 7.64870e-10, 7.28651e-10, 7.28651e-10
7.81628e+07, 6.08848e-10, 6.08848e-10, 7.33478e-10, 7.33478e-10, 6.98745e-10, 6.98745e-10
8.07235e+07, 5.82974e-10, 5.82974e-10, 7.02308e-10, 7.02308e-10, 6.69051e-10, 6.69051e-10
8.33681e+07, 5.57407e-10, 5.57407e-10, 6.71507e-10, 6.71507e-10, 6.39709e-10, 6.39709e-10
8.60994e+07, 5.32287e-10, 5.32287e-10, 6.41246e-10, 6.41246e-10, 6.10880e-10, 6.10880e-10
8.89201e+07, 5.07773e-10, 5.07773e-10, 6.11713e-10, 6.11713e-10, 5.82747e-10, 5.82747e-10
9.18333e+07, 4.84021e-10, 4.84021e-10, 5.83099e-10, 5.83099e-10, 5.55487e-10, 5.55487e-10
9.48418e+07, 4.61082e-10, 4.61082e-10, 5.55465e-10, 5.55465e-10, 5.29161e-10, 5.29161e-10
9.79490e+07, 4.38968e-10, 4.38968e-10, 5.28824e-10, 5.28824e-10, 5.03782e-10, 5.03782e-10
1.01158e+08, 4.17674e-10, 4.17674e-10, 5.03172e-10, 5.03172e-10, 4.79344e-10, 4.79344e-10
1.04472e+08, 3.97182e-10, 3.97182e-10, 4.78484e-10, 4.78484e-10, 4.55826e-10, 4.55826e-10
1.07895e+08, 3.77452e-10, 3.77452e-10, 4.54715e-10, 4.54715e-10, 4.33183e-10, 4.33183e-10
1.11429e+08, 3.58423e-10, 3.58423e-10, 4.31792e-10, 4.31792e-10, 4.11345e-10, 4.11345e-10
1.15080e+08, 3.40027e-10, 3.40027e-10, 4.09630e-10, 4.09630e-10, 3.90233e-10, 3.90233e-10
1.18850e+08, 3.22313e-10, 3.22313e-10, 3.88290e-10, 3.88290e-10, 3.69903e-10, 3.69903e-10
1.22744e+08, 3.05397e-10, 3.05397e-10, 3.67911e-10, 3.67911e-10, 3.50489e-10, 3.50489e-10
1.26765e+08, 2.89407e-10, 2.89407e-10, 3.48648e-10, 3.48648e-10, 3.32138e-10, 3.32138e-10
1.30918e+08, 2.74484e-10, 2.74484e-10, 3.30671e-10, 3.30671e-10, 3.15012e-10, 3.15012e-10
1.35207e+08, 2.60783e-10, 2.60783e-10, 3.14164e-10, 3.14164e-10, 2.99288e-10, 2.99288e-10
1.39637e+08, 2.48470e-10, 2.48470e-10, 2.99331e-10, 2.99331e-10, 2.85156e-10, 2.85156e-10
1.44212e+08, 2.37717e-10, 2.37717e-10, 2.86377e-10, 2.86377e-10, 2.72816e-10, 2.72816e-10
1.48936e+08, 2.28559e-10, 2.28559e-10, 2.75345e-10, 2.75345e-10, 2.62306e-10, 2.62306e-10
1.53815e+08, 2.20904e-10, 2.20904e-10, 2.66122e-10, 2.66122e-10, 2.53520e-10, 2.53520e-10
1.58855e+08, 2.14617e-10, 2.14617e-10, 2.58548e-10, 2.58548e-10, 2.46305e-10, 2.46305e-10
1.64059e+08, 2.09517e-10, 2.09517e-10, 2.52405e-10, 2.52405e-10, 2.40453e-10, 2.40453e-10
1.69434e+08, 2.05368e-10, 2.05368e-10, 2.47407e-10, 2.47407e-10, 2.35691e-10, 2.35691e-10
1.74985e+08, 2.01870e-10, 2.01870e-10, 2.43193e-10, 2.43193e-10, 2.31677e-10, 2.31677e-10
1.80717e+08, 1.98660e-10, 1.98660e-10, 2.39326e-10, 2.39326e-10, 2.27993e-10, 2.27993e-10
1.86638e+08, 1.95547e-10, 1.95547e-10, 2.35575e-10, 2.35575e-10, 2.24420e-10, 2.24420e-10
1.92752e+08, 1.92561e-10, 1.92561e-10, 2.31978e-10, 2.31978e-10, 2.20993e-10, 2.20993e-10
1.99067e+08, 1.89750e-10, 1.89750e-10, 2.28591e-10, 2.28591e-10, 2.17766e-10, 2.17766e-10
2.05589e+08, 1.87167e-10, 1.87167e-10, 2.25479e-10, 2.25479e-10, 2.14802e-10, 2.14802e-10
2.12324e+08, 1.84875e-10, 1.84875e-10, 2.22718e-10, 2.22718e-10, 2.12171e-10, 2.12171e-10
2.19280e+08, 1.82945e-10, 1.82945e-10, 2.20393e-10, 2.20393e-10, 2.09957e-10, 2.09957e-10
2.26464e+08, 1.81458e-10, 1.81458e-10, 2.18602e-10, 2.18602e-10, 2.08250e-10, 2.08250e-10
2.33884e+08, 1.80465e-10, 1.80465e-10, 2.17406e-10, 2.17406e-10, 2.07111e-10, 2.07111e-10
2.41546e+08, 1.79959e-10, 1.79959e-10, 2.16796e-10, 2.16796e-10, 2.06530e-10, 2.06530e-10
2.49459e+08, 1.79918e-10, 1.79918e-10, 2.16747e-10, 2.16747e-10, 2.06483e-10, 2.06483e-10
2.57632e+08, 1.80312e-10, 1.80312e-10, 2.17222e-10, 2.17222e-10, 2.06935e-10, 2.06935e-10
2.66073e+08, 1.81098e-10, 1.81098e-10, 2.18168e-10, 2.18168e-10, 2.07837e-10, 2.07837e-10
2.74789e+08, 1.82218e-10, 1.82218e-10, 2.19518e-10, 2.19518e-10, 2.09123e-10, 2.09123e-10
2.83792e+08, 1.83599e-10, 1.83599e-10, 2.21182e-10, 2.21182e-10, 2.10708e-10, 2.10708e-10
2.93089e+08, 1.85182e-10, 1.85182e-10, 2.23088e-10, 2.23088e-10, 2.12524e-10, 2.12524e-10
3.02691e+08, 1.86958e-10, 1.86958e-10, 2.25228e-10, 2.25228e-10, 2.14563e-10, 2.14563e-10
3.12608e+08, 1.88930e-10, 1.88930e-10, 2.27603e-10, 2.27603e-10, 2.16825e-10, 2.16825e-10
3.22849e+08, 1.91093e-10, 1.91093e-10, 2.30209e-10, 2.30209e-10, 2.19308e-10, 2.19308e-10
3.33426e+08, 1.93444e-10, 1.93444e-10, 2.33042e-10, 2.33042e-10, 2.22007e-10, 2.22007e-10
3.44350e+08, 1.95976e-10, 1.95976e-10, 2.36092e-10, 2.36092e-10, 2.24912e-10, 2.24912e-10
3.55631e+08, 1.98677e-10, 1.98677e-10, 2.39346e-10, 2.39346e-10, 2.28012e-10, 2.28012e-10
3.67282e+08, 2.01532e-10, 2.01532e-10, 2.42785e-10, 2.42785e-10, 2.31288e-10, 2.31288e-10
3.79315e+08, 2.04515e-10, 2.04515e-10, 2.46379e-10, 2.46379e-10, 2.34712e-10, 2.34712e-10
3.91742e+08, 2.07593e-10, 2.07593e-10, 2.50086e-10, 2.50086e-10, 2.38244e-10, 2.38244e-10
4.04576e+08, 2.10724e-10, 2.10724e-10, 2.53859e-10, 2.53859e-10, 2.41838e-10, 2.41838e-10
4.17830e+08, 2.13861e-10, 2.13861e-10, 2.57638e-10, 2.57638e-10, 2.45438e-10, 2.45438e-10
4.31519e+08, 2.16943e-10, 2.16943e-10, 2.61351e-10, 2.61351e-10, 2.48975e-10, 2.48975e-10
4.45656e+08, 2.19900e-10, 2.19900e-10, 2.64913e-10, 2.64913e-10, 2.52369e-10, 2.52369e-10
4.60257e+08, 2.22666e-10, 2.22666e-10, 2.68246e-10, 2.68246e-10, 2.55543e-10, 2.55543e-10
4.75335e+08, 2.25257e-10, 2.25257e-10, 2.71367e-10, 2.71367e-10, 2.58517e-10, 2.58517e-10
4.90908e+08, 2.27724e-10, 2.27724e-10, 2.74338e-10, 2.74338e-10, 2.61348e-10, 2.61348e-10
5.06991e+08, 2.30131e-10, 2.30131e-10, 2.77238e-10, 2.77238e-10, 2.64110e-10, 2.64110e-10
5.23600e+08, 2.32558e-10, 2.32558e-10, 2.80162e-10, 2.80162e-10, 2.66896e-10, 2.66896e-10
5.40754e+08, 2.35102e-10, 2.35102e-10, 2.83227e-10, 2.83227e-10, 2.69815e-10, 2.69815e-10
5.58470e+08, 2.37880e-10, 2.37880e-10, 2.86573e-10, 2.86573e-10, 2.73003e-10, 2.73003e-10
5.76766e+08, 2.41013e-10, 2.41013e-10, 2.90348e-10, 2.90348e-10, 2.76599e-10, 2.76599e-10
5.95662e+08, 2.44508e-10, 2.44508e-10, 2.94558e-10, 2.94558e-10, 2.80610e-10, 2.80610e-10
6.15177e+08, 2.48301e-10, 2.48301e-10, 2.99128e-10, 2.99128e-10, 2.84963e-10, 2.84963e-10
6.35331e+08, 2.52313e-10, 2.52313e-10, 3.03961e-10, 3.03961e-10, 2.89567e-10, 2.89567e-10
6.56145e+08, 2.56443e-10, 2.56443e-10, 3.08936e-10, 3.08936e-10, 2.94307e-10, 2.94307e-10
6.77642e+08, 2.60570e-10, 2.60570e-10, 3.13908e-10, 3.13908e-10, 2.99044e-10, 2.99044e-10
6.99842e+08, 2.64548e-10, 2.64548e-10, 3.18701e-10, 3.18701e-10, 3.03609e-10, 3.03609e-10
7.22770e+08, 2.68214e-10, 2.68214e-10, 3.23117e-10, 3.23117e-10, 3.07816e-10, 3.07816e-10
7.46449e+08, 2.71524e-10, 2.71524e-10, 3.27105e-10, 3.27105e-10, 3.11615e-10, 3.11615e-10
7.70903e+08, 2.74539e-10, 2.74539e-10, 3.30736e-10, 3.30736e-10, 3.15075e-10, 3.15075e-10
7.96159e+08, 2.77338e-10, 2.77338e-10, 3.34109e-10, 3.34109e-10, 3.18287e-10, 3.18287e-10
8.22243e+08, 2.80023e-10, 2.80023e-10, 3.37343e-10, 3.37343e-10, 3.21369e-10, 3.21369e-10
8.49180e+08, 2.82718e-10, 2.82718e-10, 3.40590e-10, 3.40590e-10, 3.24462e-10, 3.24462e-10
8.77001e+08, 2.85574e-10, 2.85574e-10, 3.44031e-10, 3.44031e-10, 3.27740e-10, 3.27740e-10
9.05733e+08, 2.88770e-10, 2.88770e-10, 3.47880e-10, 3.47880e-10, 3.31407e-10, 3.31407e-10
9.35406e+08, 2.92420e-10, 2.92420e-10, 3.52277e-10, 3.52277e-10, 3.35596e-10, 3.35596e-10
9.66051e+08, 2.96557e-10, 2.96557e-10, 3.57261e-10, 3.57261e-10, 3.40344e-10, 3.40344e-10
9.97700e+08, 3.01212e-10, 3.01212e-10, 3.62869e-10, 3.62869e-10, 3.45686e-10, 3.45686e-10
1.03039e+09, 3.06415e-10, 3.06415e-10, 3.69137e-10, 3.69137e-10, 3.51657e-10, 3.51657e-10
1.06414e+09, 3.12198e-10, 3.12198e-10, 3.76104e-10, 3.76104e-10, 3.58294e-10, 3.58294e-10
1.09901e+09, 3.18593e-10, 3.18593e-10, 3.83808e-10, 3.83808e-10, 3.65633e-10, 3.65633e-10
1.13501e+09, 3.25633e-10, 3.25633e-10, 3.92289e-10, 3.92289e-10, 3.73712e-10, 3.73712e-10
1.17220e+09, 3.33318e-10, 3.33318e-10, 4.01547e-10, 4.01547e-10, 3.82533e-10, 3.82533e-10
1.21060e+09, 3.41596e-10, 3.41596e-10, 4.11520e-10, 4.11520e-10, 3.92033e-10, 3.92033e-10
1.25026e+09, 3.50394e-10, 3.50394e-10, 4.22119e-10, 4.22119e-10, 4.02130e-10, 4.02130e-10
1.29122e+09, 3.59617e-10, 3.59617e-10, 4.33230e-10, 4.33230e-10, 4.12715e-10, 4.12715e-10
1.33352e+09, 3.69149e-10, 3.69149e-10, 4.44713e-10, 4.44713e-10, 4.23655e-10, 4.23655e-10
1.37721e+09, 3.78846e-10, 3.78846e-10, 4.56394e-10, 4.56394e-10, 4.34783e-10, 4.34783e-10
1.42233e+09, 3.88532e-10, 3.88532e-10, 4.68063e-10, 4.68063e-10, 4.45899e-10, 4.45899e-10
1.46893e+09, 3.98071e-10, 3.98071e-10, 4.79556e-10, 4.79556e-10, 4.56847e-10, 4.56847e-10
1.51705e+09, 4.07467e-10, 4.07467e-10, 4.90875e-10, 4.90875e-10, 4.67630e-10, 4.67630e-10
1.56675e+09, 4.16747e-10, 4.16747e-10, 5.02055e-10, 5.02055e-10, 4.78281e-10, 4.78281e-10
1.61808e+09, 4.25951e-10, 4.25951e-10, 5.13143e-10, 5.13143e-10, 4.88844e-10, 4.88844e-10
1.67109e+09, 4.35129e-10, 4.35129e-10, 5.24199e-10, 5.24199e-10, 4.99377e-10, 4.99377e-10
1.72584e+09, 4.44344e-10, 4.44344e-10, 5.35300e-10, 5.35300e-10, 5.09952e-10, 5.09952e-10
1.78238e+09, 4.53673e-10, 4.53673e-10, 5.46539e-10, 5.46539e-10, 5.20658e-10, 5.20658e-10
1.84077e+09, 4.63187e-10, 4.63187e-10, 5.58000e-10, 5.58000e-10, 5.31577e-10, 5.31577e-10
1.90108e+09, 4.72882e-10, 4.72882e-10, 5.69680e-10, 5.69680e-10, 5.42703e-10, 5.42703e-10
1.96336e+09, 4.82734e-10, 4.82734e-10, 5.81549e-10, 5.81549e-10, 5.54010e-10, 5.54010e-10
2.02768e+09, 4.92717e-10, 4.92717e-10, 5.93576e-10, 5.93576e-10, 5.65467e-10, 5.65467e-10
2.09411e+09, 5.02798e-10, 5.02798e-10, 6.05719e-10, 6.05719e-10, 5.77036e-10, 5.77036e-10
2.16272e+09, 5.12936e-10, 5.12936e-10, 6.17933e-10, 6.17933e-10, 5.88672e-10, 5.88672e-10
2.23357e+09, 5.23087e-10, 5.23087e-10, 6.30162e-10, 6.30162e-10, 6.00322e-10, 6.00322e-10
2.30675e+09, 5.33204e-10, 5.33204e-10, 6.42350e-10, 6.42350e-10, 6.11932e-10, 6.11932e-10
2.38232e+09, 5.43269e-10, 5.43269e-10, 6.54475e-10, 6.54475e-10, 6.23483e-10, 6.23483e-10
2.46037e+09, 5.53274e-10, 5.53274e-10, 6.66529e-10, 6.66529e-10, 6.34966e-10, 6.34966e-10
2.54097e+09, 5.63215e-10, 5.63215e-10, 6.78503e-10, 6.78503e-10, 6.46374e-10, 6.46374e-10
2.62422e+09, 5.73085e-10, 5.73085e-10, 6.90395e-10, 6.90395e-10, 6.57702e-10, 6.57702e-10
2.71019e+09, 5.82885e-10, 5.82885e-10, 7.02201e-10, 7.02201e-10, 6.68949e-10, 6.68949e-10
2.79898e+09, 5.92615e-10, 5.92615e-10, 7.13922e-10, 7.13922e-10, 6.80115e-10, 6.80115e-10
2.89068e+09, 6.02277e-10, 6.02277e-10, 7.25562e-10, 7.25562e-10, 6.91204e-10, 6.91204e-10
2.98538e+09, 6.11869e-10, 6.11869e-10, 7.37118e-10, 7.37118e-10, 7.02213e-10, 7.02213e-10
3.08319e+09, 6.21388e-10, 6.21388e-10, 7.48585e-10, 7.48585e-10, 7.13136e-10, 7.13136e-10
3.18420e+09, 6.30829e-10, 6.30829e-10, 7.59959e-10, 7.59959e-10, 7.23972e-10, 7.23972e-10
3.28852e+09, 6.40195e-10, 6.40195e-10, 7.71241e-10, 7.71241e-10, 7.34720e-10, 7.34720e-10
3.39625e+09, 6.49487e-10, 6.49487e-10, 7.82435e-10, 7.82435e-10, 7.45384e-10, 7.45384e-10
3.50752e+09, 6.58712e-10, 6.58712e-10, 7.93550e-10, 7.93550e-10, 7.55972e-10, 7.55972e-10
3.62243e+09, 6.67882e-10, 6.67882e-10, 8.04596e-10, 8.04596e-10, 7.66496e-10, 7.66496e-10
3.74111e+09, 6.76999e-10, 6.76999e-10, 8.15580e-10, 8.15580e-10, 7.76959e-10, 7.76959e-10
3.86367e+09, 6.86060e-10, 6.86060e-10, 8.26496e-10, 8.26496e-10, 7.87358e-10, 7.87358e-10
3.99025e+09, 6.95066e-10, 6.95066e-10, 8.37344e-10, 8.37344e-10, 7.97693e-10, 7.97693e-10
4.12098e+09, 7.04016e-10, 7.04016e-10, 8.48127e-10, 8.48127e-10, 8.07965e-10, 8.07965e-10
4.25598e+09, 7.12918e-10, 7.12918e-10, 8.58851e-10, 8.58851e-10, 8.18181e-10, 8.18181e-10
4.39542e+09, 7.21779e-10, 7.21779e-10, 8.69526e-10, 8.69526e-10, 8.28351e-10, 8.28351e-10
4.53942e+09, 7.30612e-10, 7.30612e-10, 8.80166e-10, 8.80166e-10, 8.38487e-10, 8.38487e-10
4.68813e+09, 7.39404e-10, 7.39404e-10, 8.90758e-10, 8.90758e-10, 8.48577e-10, 8.48577e-10
4.84172e+09, 7.48114e-10, 7.48114e-10, 9.01251e-10, 9.01251e-10, 8.58573e-10, 8.58573e-10
5.00035e+09, 7.56692e-10, 7.56692e-10, 9.11585e-10, 9.11585e-10, 8.68418e-10, 8.68418e-10
5.16416e+09, 7.65083e-10, 7.65083e-10, 9.21694e-10, 9.21694e-10, 8.78048e-10, 8.78048e-10
5.33335e+09, 7.73223e-10, 7.73223e-10, 9.31500e-10, 9.31500e-10, 8.87390e-10, 8.87390e-10
5.50808e+09, 7.81040e-10, 7.81040e-10, 9.40917e-10, 9.40917e-10, 8.96361e-10, 8.96361e-10
5.68853e+09, 7.88452e-10, 7.88452e-10, 9.49847e-10, 9.49847e-10, 9.04868e-10, 9.04868e-10
5.87489e+09, 7.95421e-10, 7.95421e-10, 9.58242e-10, 9.58242e-10, 9.12866e-10, 9.12866e-10
6.06736e+09, 8.01984e-10, 8.01984e-10, 9.66148e-10, 9.66148e-10, 9.20398e-10, 9.20398e-10
6.26614e+09, 8.08201e-10, 8.08201e-10, 9.73638e-10, 9.73638e-10, 9.27533e-10, 9.27533e-10
6.47143e+09, 8.14151e-10, 8.14151e-10, 9.80806e-10, 9.80806e-10, 9.34361e-10, 9.34361e-10
6.68344e+09, 8.19933e-10, 8.19933e-10, 9.87772e-10, 9.87772e-10, 9.40997e-10, 9.40997e-10
6.90240e+09, 8.25672e-10, 8.25672e-10, 9.94686e-10, 9.94686e-10, 9.47583e-10, 9.47583e-10
7.12853e+09, 8.31520e-10, 8.31520e-10, 1.00173e-09, 1.00173e-09, 9.54294e-10, 9.54294e-10
7.36207e+09, 8.37582e-10, 8.37582e-10, 1.00903e-09, 1.00903e-09, 9.61252e-10, 9.61252e-10
7.60326e+09, 8.43808e-10, 8.43808e-10, 1.01653e-09, 1.01653e-09, 9.68397e-10, 9.68397e-10
7.85236e+09, 8.50112e-10, 8.50112e-10, 1.02413e-09, 1.02413e-09, 9.75631e-10, 9.75631e-10
8.10961e+09, 8.56388e-10, 8.56388e-10, 1.03169e-09, 1.03169e-09, 9.82835e-10, 9.82835e-10
8.37529e+09, 8.62513e-10, 8.62513e-10, 1.03907e-09, 1.03907e-09, 9.89864e-10, 9.89864e-10
8.64968e+09, 8.68337e-10, 8.68337e-10, 1.04608e-09, 1.04608e-09, 9.96548e-10, 9.96548e-10
8.93305e+09, 8.73686e-10, 8.73686e-10, 1.05253e-09, 1.05253e-09, 1.00269e-09, 1.00269e-09
9.22571e+09, 8.78411e-10, 8.78411e-10, 1.05822e-09, 1.05822e-09, 1.00811e-09, 1.00811e-09
9.52796e+09, 8.82528e-10, 8.82528e-10, 1.06318e-09, 1.06318e-09, 1.01283e-09, 1.01283e-09
9.84011e+09, 8.86105e-10, 8.86105e-10, 1.06749e-09, 1.06749e-09, 1.01694e-09, 1.01694e-09
