# Energy [GeV], E**2 Flux [GeV cm^-2] (nue anue numu anumu nutau anutau)
1.01625e+03, 1.33159e-13, 1.33159e-13, 1.60417e-13, 1.60417e-13, 1.52820e-13, 1.52820e-13
1.04954e+03, 1.42542e-13, 1.42542e-13, 1.71720e-13, 1.71720e-13, 1.63589e-13, 1.63589e-13
1.08393e+03, 1.52252e-13, 1.52252e-13, 1.83418e-13, 1.83418e-13, 1.74732e-13, 1.74732e-13
1.11944e+03, 1.62301e-13, 1.62301e-13, 1.95523e-13, 1.95523e-13, 1.86264e-13, 1.86264e-13
1.15611e+03, 1.72701e-13, 1.72701e-13, 2.08052e-13, 2.08052e-13, 1.98200e-13, 1.98200e-13
1.19399e+03, 1.83465e-13, 1.83465e-13, 2.21020e-13, 2.21020e-13, 2.10553e-13, 2.10553e-13
1.23310e+03, 1.94607e-13, 1.94607e-13, 2.34442e-13, 2.34442e-13, 2.23340e-13, 2.23340e-13
1.27350e+03, 2.06140e-13, 2.06140e-13, 2.48337e-13, 2.48337e-13, 2.36577e-13, 2.36577e-13
1.31522e+03, 2.18080e-13, 2.18080e-13, 2.62720e-13, 2.62720e-13, 2.50280e-13, 2.50280e-13
1.35831e+03, 2.30441e-13, 2.30441e-13, 2.77612e-13, 2.77612e-13, 2.64466e-13, 2.64466e-13
1.40281e+03, 2.43239e-13, 2.43239e-13, 2.93030e-13, 2.93030e-13, 2.79154e-13, 2.79154e-13
1.44877e+03, 2.56491e-13, 2.56491e-13, 3.08994e-13, 3.08994e-13, 2.94362e-13, 2.94362e-13
1.49624e+03, 2.70213e-13, 2.70213e-13, 3.25525e-13, 3.25525e-13, 3.10111e-13, 3.10111e-13
1.54525e+03, 2.84424e-13, 2.84424e-13, 3.42645e-13, 3.42645e-13, 3.26419e-13, 3.26419e-13
1.59588e+03, 2.99141e-13, 2.99141e-13, 3.60375e-13, 3.60375e-13, 3.43310e-13, 3.43310e-13
1.64816e+03, 3.14384e-13, 3.14384e-13, 3.78738e-13, 3.78738e-13, 3.60804e-13, 3.60804e-13
1.70216e+03, 3.30174e-13, 3.30174e-13, 3.97760e-13, 3.97760e-13, 3.78924e-13, 3.78924e-13
1.75792e+03, 3.46530e-13, 3.46530e-13, 4.17464e-13, 4.17464e-13, 3.97695e-13, 3.97695e-13
1.81552e+03, 3.63474e-13, 3.63474e-13, 4.37877e-13, 4.37877e-13, 4.17142e-13, 4.17142e-13
1.87499e+03, 3.81030e-13, 3.81030e-13, 4.59026e-13, 4.59026e-13, 4.37290e-13, 4.37290e-13
1.93642e+03, 3.99221e-13, 3.99221e-13, 4.80940e-13, 4.80940e-13, 4.58166e-13, 4.58166e-13
1.99986e+03, 4.18070e-13, 4.18070e-13, 5.03649e-13, 5.03649e-13, 4.79799e-13, 4.79799e-13
2.06538e+03, 4.37605e-13, 4.37605e-13, 5.27182e-13, 5.27182e-13, 5.02218e-13, 5.02218e-13
2.13304e+03, 4.57851e-13, 4.57851e-13, 5.51573e-13, 5.51573e-13, 5.25454e-13, 5.25454e-13
2.20293e+03, 4.78837e-13, 4.78837e-13, 5.76854e-13, 5.76854e-13, 5.49538e-13, 5.49538e-13
2.27510e+03, 5.00591e-13, 5.00591e-13, 6.03061e-13, 6.03061e-13, 5.74504e-13, 5.74504e-13
2.34963e+03, 5.23143e-13, 5.23143e-13, 6.30230e-13, 6.30230e-13, 6.00386e-13, 6.00386e-13
2.42661e+03, 5.46526e-13, 5.46526e-13, 6.58398e-13, 6.58398e-13, 6.27221e-13, 6.27221e-13
2.50611e+03, 5.70771e-13, 5.70771e-13, 6.87607e-13, 6.87607e-13, 6.55046e-13, 6.55046e-13
2.58821e+03, 5.95913e-13, 5.95913e-13, 7.17896e-13, 7.17896e-13, 6.83901e-13, 6.83901e-13
2.67301e+03, 6.21989e-13, 6.21989e-13, 7.49309e-13, 7.49309e-13, 7.13826e-13, 7.13826e-13
2.76058e+03, 6.49034e-13, 6.49034e-13, 7.81890e-13, 7.81890e-13, 7.44865e-13, 7.44865e-13
2.85102e+03, 6.77089e-13, 6.77089e-13, 8.15688e-13, 8.15688e-13, 7.77062e-13, 7.77062e-13
2.94442e+03, 7.06193e-13, 7.06193e-13, 8.50750e-13, 8.50750e-13, 8.10463e-13, 8.10463e-13
3.04089e+03, 7.36389e-13, 7.36389e-13, 8.87127e-13, 8.87127e-13, 8.45118e-13, 8.45118e-13
3.14051e+03, 7.67722e-13, 7.67722e-13, 9.24873e-13, 9.24873e-13, 8.81077e-13, 8.81077e-13
3.24340e+03, 8.00237e-13, 8.00237e-13, 9.64044e-13, 9.64044e-13, 9.18392e-13, 9.18392e-13
3.34965e+03, 8.33982e-13, 8.33982e-13, 1.00470e-12, 1.00470e-12, 9.57120e-13, 9.57120e-13
3.45939e+03, 8.69008e-13, 8.69008e-13, 1.04689e-12, 1.04689e-12, 9.97318e-13, 9.97318e-13
3.57273e+03, 9.05367e-13, 9.05367e-13, 1.09069e-12, 1.09069e-12, 1.03905e-12, 1.03905e-12
3.68978e+03, 9.43113e-13, 9.43113e-13, 1.13617e-12, 1.13617e-12, 1.08237e-12, 1.08237e-12
3.81066e+03, 9.82305e-13, 9.82305e-13, 1.18338e-12, 1.18338e-12, 1.12734e-12, 1.12734e-12
3.93550e+03, 1.02300e-12, 1.02300e-12, 1.23241e-12, 1.23241e-12, 1.17405e-12, 1.17405e-12
4.06443e+03, 1.06526e-12, 1.06526e-12, 1.28332e-12, 1.28332e-12, 1.22255e-12, 1.22255e-12
4.19759e+03, 1.10916e-12, 1.10916e-12, 1.33620e-12, 1.33620e-12, 1.27293e-12, 1.27293e-12
4.33511e+03, 1.15475e-12, 1.15475e-12, 1.39113e-12, 1.39113e-12, 1.32525e-12, 1.32525e-12
4.47713e+03, 1.20212e-12, 1.20212e-12, 1.44819e-12, 1.44819e-12, 1.37961e-12, 1.37961e-12
4.62381e+03, 1.25133e-12, 1.25133e-12, 1.50747e-12, 1.50747e-12, 1.43609e-12, 1.43609e-12
4.77529e+03, 1.30246e-12, 1.30246e-12, 1.56907e-12, 1.56907e-12, 1.49476e-12, 1.49476e-12
4.93174e+03, 1.35559e-12, 1.35559e-12, 1.63307e-12, 1.63307e-12, 1.55574e-12, 1.55574e-12
5.09331e+03, 1.41080e-12, 1.41080e-12, 1.69959e-12, 1.69959e-12, 1.61911e-12, 1.61911e-12
5.26017e+03, 1.46819e-12, 1.46819e-12, 1.76873e-12, 1.76873e-12, 1.68497e-12, 1.68497e-12
5.43250e+03, 1.52784e-12, 1.52784e-12, 1.84059e-12, 1.84059e-12, 1.75343e-12, 1.75343e-12
5.61048e+03, 1.58986e-12, 1.58986e-12, 1.91530e-12, 1.91530e-12, 1.82460e-12, 1.82460e-12
5.79429e+03, 1.65433e-12, 1.65433e-12, 1.99296e-12, 1.99296e-12, 1.89859e-12, 1.89859e-12
5.98412e+03, 1.72136e-12, 1.72136e-12, 2.07372e-12, 2.07372e-12, 1.97552e-12, 1.97552e-12
6.18016e+03, 1.79106e-12, 1.79106e-12, 2.15769e-12, 2.15769e-12, 2.05551e-12, 2.05551e-12
6.38263e+03, 1.86354e-12, 1.86354e-12, 2.24501e-12, 2.24501e-12, 2.13870e-12, 2.13870e-12
6.59174e+03, 1.93892e-12, 1.93892e-12, 2.33582e-12, 2.33582e-12, 2.22521e-12, 2.22521e-12
6.80769e+03, 2.01732e-12, 2.01732e-12, 2.43026e-12, 2.43026e-12, 2.31518e-12, 2.31518e-12
7.03072e+03, 2.09887e-12, 2.09887e-12, 2.52850e-12, 2.52850e-12, 2.40877e-12, 2.40877e-12
7.26106e+03, 2.18369e-12, 2.18369e-12, 2.63069e-12, 2.63069e-12, 2.50612e-12, 2.50612e-12
7.49894e+03, 2.27193e-12, 2.27193e-12, 2.73699e-12, 2.73699e-12, 2.60739e-12, 2.60739e-12
7.74462e+03, 2.36373e-12, 2.36373e-12, 2.84758e-12, 2.84758e-12, 2.71273e-12, 2.71273e-12
7.99834e+03, 2.45923e-12, 2.45923e-12, 2.96263e-12, 2.96263e-12, 2.82233e-12, 2.82233e-12
8.26038e+03, 2.55858e-12, 2.55858e-12, 3.08232e-12, 3.08232e-12, 2.93636e-12, 2.93636e-12
8.53100e+03, 2.66196e-12, 2.66196e-12, 3.20685e-12, 3.20685e-12, 3.05500e-12, 3.05500e-12
8.81049e+03, 2.76951e-12, 2.76951e-12, 3.33642e-12, 3.33642e-12, 3.17843e-12, 3.17843e-12
9.09913e+03, 2.88141e-12, 2.88141e-12, 3.47123e-12, 3.47123e-12, 3.30685e-12, 3.30685e-12
9.39723e+03, 2.99784e-12, 2.99784e-12, 3.61149e-12, 3.61149e-12, 3.44047e-12, 3.44047e-12
9.70510e+03, 3.11897e-12, 3.11897e-12, 3.75742e-12, 3.75742e-12, 3.57949e-12, 3.57949e-12
1.00231e+04, 3.24500e-12, 3.24500e-12, 3.90924e-12, 3.90924e-12, 3.72413e-12, 3.72413e-12
1.03514e+04, 3.37612e-12, 3.37612e-12, 4.06720e-12, 4.06720e-12, 3.87460e-12, 3.87460e-12
1.06905e+04, 3.51252e-12, 3.51252e-12, 4.23153e-12, 4.23153e-12, 4.03115e-12, 4.03115e-12
1.10408e+04, 3.65441e-12, 3.65441e-12, 4.40247e-12, 4.40247e-12, 4.19399e-12, 4.19399e-12
1.14025e+04, 3.80201e-12, 3.80201e-12, 4.58027e-12, 4.58027e-12, 4.36338e-12, 4.36338e-12
1.17761e+04, 3.95551e-12, 3.95551e-12, 4.76520e-12, 4.76520e-12, 4.53955e-12, 4.53955e-12
1.21619e+04, 4.11515e-12, 4.11515e-12, 4.95751e-12, 4.95751e-12, 4.72275e-12, 4.72275e-12
1.25603e+04, 4.28115e-12, 4.28115e-12, 5.15749e-12, 5.15749e-12, 4.91326e-12, 4.91326e-12
1.29718e+04, 4.45375e-12, 4.45375e-12, 5.36542e-12, 5.36542e-12, 5.11135e-12, 5.11135e-12
1.33968e+04, 4.63320e-12, 4.63320e-12, 5.58161e-12, 5.58161e-12, 5.31730e-12, 5.31730e-12
1.38357e+04, 4.81975e-12, 4.81975e-12, 5.80635e-12, 5.80635e-12, 5.53139e-12, 5.53139e-12
1.42889e+04, 5.01366e-12, 5.01366e-12, 6.03995e-12, 6.03995e-12, 5.75394e-12, 5.75394e-12
1.47571e+04, 5.21520e-12, 5.21520e-12, 6.28274e-12, 6.28274e-12, 5.98523e-12, 5.98523e-12
1.52405e+04, 5.42463e-12, 5.42463e-12, 6.53505e-12, 6.53505e-12, 6.22559e-12, 6.22559e-12
1.57398e+04, 5.64226e-12, 5.64226e-12, 6.79721e-12, 6.79721e-12, 6.47534e-12, 6.47534e-12
1.62555e+04, 5.86836e-12, 5.86836e-12, 7.06960e-12, 7.06960e-12, 6.73483e-12, 6.73483e-12
1.67880e+04, 6.10326e-12, 6.10326e-12, 7.35259e-12, 7.35259e-12, 7.00441e-12, 7.00441e-12
1.73380e+04, 6.34726e-12, 6.34726e-12, 7.64653e-12, 7.64653e-12, 7.28444e-12, 7.28444e-12
1.79061e+04, 6.60067e-12, 6.60067e-12, 7.95182e-12, 7.95182e-12, 7.57527e-12, 7.57527e-12
1.84927e+04, 6.86384e-12, 6.86384e-12, 8.26885e-12, 8.26885e-12, 7.87729e-12, 7.87729e-12
1.90985e+04, 7.13707e-12, 7.13707e-12, 8.59802e-12, 8.59802e-12, 8.19087e-12, 8.19087e-12
1.97242e+04, 7.42073e-12, 7.42073e-12, 8.93973e-12, 8.93973e-12, 8.51640e-12, 8.51640e-12
2.03704e+04, 7.71516e-12, 7.71516e-12, 9.29444e-12, 9.29444e-12, 8.85432e-12, 8.85432e-12
2.10378e+04, 8.02076e-12, 8.02076e-12, 9.66259e-12, 9.66259e-12, 9.20503e-12, 9.20503e-12
2.17270e+04, 8.33787e-12, 8.33787e-12, 1.00446e-11, 1.00446e-11, 9.56896e-12, 9.56896e-12
2.24388e+04, 8.66689e-12, 8.66689e-12, 1.04410e-11, 1.04410e-11, 9.94657e-12, 9.94657e-12
2.31739e+04, 9.00825e-12, 9.00825e-12, 1.08522e-11, 1.08522e-11, 1.03383e-11, 1.03383e-11
2.39332e+04, 9.36231e-12, 9.36231e-12, 1.12788e-11, 1.12788e-11, 1.07447e-11, 1.07447e-11
2.47172e+04, 9.72947e-12, 9.72947e-12, 1.17211e-11, 1.17211e-11, 1.11660e-11, 1.11660e-11
2.55270e+04, 1.01102e-11, 1.01102e-11, 1.21797e-11, 1.21797e-11, 1.16030e-11, 1.16030e-11
2.63633e+04, 1.05049e-11, 1.05049e-11, 1.26552e-11, 1.26552e-11, 1.20559e-11, 1.20559e-11
2.72270e+04, 1.09140e-11, 1.09140e-11, 1.31481e-11, 1.31481e-11, 1.25254e-11, 1.25254e-11
2.81190e+04, 1.13380e-11, 1.13380e-11, 1.36588e-11, 1.36588e-11, 1.30120e-11, 1.30120e-11
2.90402e+04, 1.17773e-11, 1.17773e-11, 1.41881e-11, 1.41881e-11, 1.35162e-11, 1.35162e-11
2.99916e+04, 1.22324e-11, 1.22324e-11, 1.47364e-11, 1.47364e-11, 1.40386e-11, 1.40386e-11
3.09742e+04, 1.27038e-11, 1.27038e-11, 1.53043e-11, 1.53043e-11, 1.45796e-11, 1.45796e-11
3.19890e+04, 1.31921e-11, 1.31921e-11, 1.58925e-11, 1.58925e-11, 1.51399e-11, 1.51399e-11
3.30370e+04, 1.36977e-11, 1.36977e-11, 1.65015e-11, 1.65015e-11, 1.57201e-11, 1.57201e-11
3.41193e+04, 1.42212e-11, 1.42212e-11, 1.71322e-11, 1.71322e-11, 1.63209e-11, 1.63209e-11
3.52371e+04, 1.47631e-11, 1.47631e-11, 1.77851e-11, 1.77851e-11, 1.69429e-11, 1.69429e-11
3.63915e+04, 1.53242e-11, 1.53242e-11, 1.84611e-11, 1.84611e-11, 1.75869e-11, 1.75869e-11
3.75837e+04, 1.59050e-11, 1.59050e-11, 1.91607e-11, 1.91607e-11, 1.82534e-11, 1.82534e-11
3.88150e+04, 1.65060e-11, 1.65060e-11, 1.98847e-11, 1.98847e-11, 1.89431e-11, 1.89431e-11
4.00867e+04, 1.71279e-11, 1.71279e-11, 2.06340e-11, 2.06340e-11, 1.96569e-11, 1.96569e-11
4.14000e+04, 1.77715e-11, 1.77715e-11, 2.14093e-11, 2.14093e-11, 2.03955e-11, 2.03955e-11
4.27563e+04, 1.84373e-11, 1.84373e-11, 2.22114e-11, 2.22114e-11, 2.11596e-11, 2.11596e-11
4.41570e+04, 1.91262e-11, 1.91262e-11, 2.30412e-11, 2.30412e-11, 2.19502e-11, 2.19502e-11
4.56037e+04, 1.98386e-11, 1.98386e-11, 2.38996e-11, 2.38996e-11, 2.27678e-11, 2.27678e-11
4.70977e+04, 2.05755e-11, 2.05755e-11, 2.47872e-11, 2.47872e-11, 2.36135e-11, 2.36135e-11
4.86407e+04, 2.13375e-11, 2.13375e-11, 2.57052e-11, 2.57052e-11, 2.44880e-11, 2.44880e-11
5.02343e+04, 2.21254e-11, 2.21254e-11, 2.66544e-11, 2.66544e-11, 2.53922e-11, 2.53922e-11
5.18800e+04, 2.29399e-11, 2.29399e-11, 2.76357e-11, 2.76357e-11, 2.63270e-11, 2.63270e-11
5.35797e+04, 2.37820e-11, 2.37820e-11, 2.86501e-11, 2.86501e-11, 2.72934e-11, 2.72934e-11
5.53350e+04, 2.46524e-11, 2.46524e-11, 2.96987e-11, 2.96987e-11, 2.82923e-11, 2.82923e-11
5.71479e+04, 2.55520e-11, 2.55520e-11, 3.07824e-11, 3.07824e-11, 2.93247e-11, 2.93247e-11
5.90201e+04, 2.64816e-11, 2.64816e-11, 3.19023e-11, 3.19023e-11, 3.03916e-11, 3.03916e-11
6.09537e+04, 2.74421e-11, 2.74421e-11, 3.30594e-11, 3.30594e-11, 3.14940e-11, 3.14940e-11
6.29506e+04, 2.84344e-11, 2.84344e-11, 3.42549e-11, 3.42549e-11, 3.26328e-11, 3.26328e-11
6.50130e+04, 2.94596e-11, 2.94596e-11, 3.54899e-11, 3.54899e-11, 3.38093e-11, 3.38093e-11
6.71429e+04, 3.05185e-11, 3.05185e-11, 3.67656e-11, 3.67656e-11, 3.50246e-11, 3.50246e-11
6.93426e+04, 3.16121e-11, 3.16121e-11, 3.80830e-11, 3.80830e-11, 3.62796e-11, 3.62796e-11
7.16143e+04, 3.27413e-11, 3.27413e-11, 3.94434e-11, 3.94434e-11, 3.75756e-11, 3.75756e-11
7.39605e+04, 3.39073e-11, 3.39073e-11, 4.08481e-11, 4.08481e-11, 3.89138e-11, 3.89138e-11
7.63836e+04, 3.51111e-11, 3.51111e-11, 4.22983e-11, 4.22983e-11, 4.02953e-11, 4.02953e-11
7.88860e+04, 3.63539e-11, 3.63539e-11, 4.37954e-11, 4.37954e-11, 4.17215e-11, 4.17215e-11
8.14704e+04, 3.76365e-11, 3.76365e-11, 4.53406e-11, 4.53406e-11, 4.31935e-11, 4.31935e-11
8.41395e+04, 3.89602e-11, 3.89602e-11, 4.69352e-11, 4.69352e-11, 4.47127e-11, 4.47127e-11
8.68960e+04, 4.03262e-11, 4.03262e-11, 4.85809e-11, 4.85809e-11, 4.62804e-11, 4.62804e-11
8.97429e+04, 4.17356e-11, 4.17356e-11, 5.02788e-11, 5.02788e-11, 4.78979e-11, 4.78979e-11
9.26830e+04, 4.31895e-11, 4.31895e-11, 5.20303e-11, 5.20303e-11, 4.95665e-11, 4.95665e-11
9.57194e+04, 4.46894e-11, 4.46894e-11, 5.38372e-11, 5.38372e-11, 5.12878e-11, 5.12878e-11
9.88553e+04, 4.62365e-11, 4.62365e-11, 5.57010e-11, 5.57010e-11, 5.30633e-11, 5.30633e-11
1.02094e+05, 4.78319e-11, 4.78319e-11, 5.76230e-11, 5.76230e-11, 5.48943e-11, 5.48943e-11
1.05439e+05, 4.94769e-11, 4.94769e-11, 5.96048e-11, 5.96048e-11, 5.67823e-11, 5.67823e-11
1.08893e+05, 5.11730e-11, 5.11730e-11, 6.16480e-11, 6.16480e-11, 5.87287e-11, 5.87287e-11
1.12460e+05, 5.29213e-11, 5.29213e-11, 6.37542e-11, 6.37542e-11, 6.07352e-11, 6.07352e-11
1.16145e+05, 5.47232e-11, 5.47232e-11, 6.59249e-11, 6.59249e-11, 6.28031e-11, 6.28031e-11
1.19950e+05, 5.65800e-11, 5.65800e-11, 6.81619e-11, 6.81619e-11, 6.49342e-11, 6.49342e-11
1.23880e+05, 5.84932e-11, 5.84932e-11, 7.04667e-11, 7.04667e-11, 6.71298e-11, 6.71298e-11
1.27938e+05, 6.04641e-11, 6.04641e-11, 7.28410e-11, 7.28410e-11, 6.93917e-11, 6.93917e-11
1.32130e+05, 6.24941e-11, 6.24941e-11, 7.52866e-11, 7.52866e-11, 7.17214e-11, 7.17214e-11
1.36458e+05, 6.45847e-11, 6.45847e-11, 7.78050e-11, 7.78050e-11, 7.41206e-11, 7.41206e-11
1.40929e+05, 6.67372e-11, 6.67372e-11, 8.03981e-11, 8.03981e-11, 7.65910e-11, 7.65910e-11
1.45546e+05, 6.89532e-11, 6.89532e-11, 8.30678e-11, 8.30678e-11, 7.91342e-11, 7.91342e-11
1.50314e+05, 7.12341e-11, 7.12341e-11, 8.58156e-11, 8.58156e-11, 8.17519e-11, 8.17519e-11
1.55239e+05, 7.35814e-11, 7.35814e-11, 8.86433e-11, 8.86433e-11, 8.44457e-11, 8.44457e-11
1.60325e+05, 7.59966e-11, 7.59966e-11, 9.15529e-11, 9.15529e-11, 8.72176e-11, 8.72176e-11
1.65577e+05, 7.84814e-11, 7.84814e-11, 9.45463e-11, 9.45463e-11, 9.00692e-11, 9.00692e-11
1.71002e+05, 8.10371e-11, 8.10371e-11, 9.76252e-11, 9.76252e-11, 9.30023e-11, 9.30023e-11
1.76604e+05, 8.36654e-11, 8.36654e-11, 1.00792e-10, 1.00792e-10, 9.60186e-11, 9.60186e-11
1.82390e+05, 8.63678e-11, 8.63678e-11, 1.04047e-10, 1.04047e-10, 9.91201e-11, 9.91201e-11
1.88365e+05, 8.91460e-11, 8.91460e-11, 1.07394e-10, 1.07394e-10, 1.02309e-10, 1.02309e-10
1.94536e+05, 9.20015e-11, 9.20015e-11, 1.10834e-10, 1.10834e-10, 1.05586e-10, 1.05586e-10
2.00909e+05, 9.49360e-11, 9.49360e-11, 1.14369e-10, 1.14369e-10, 1.08953e-10, 1.08953e-10
2.07491e+05, 9.79509e-11, 9.79509e-11, 1.18001e-10, 1.18001e-10, 1.12413e-10, 1.12413e-10
2.14289e+05, 1.01048e-10, 1.01048e-10, 1.21732e-10, 1.21732e-10, 1.15968e-10, 1.15968e-10
2.21309e+05, 1.04229e-10, 1.04229e-10, 1.25564e-10, 1.25564e-10, 1.19618e-10, 1.19618e-10
2.28560e+05, 1.07495e-10, 1.07495e-10, 1.29499e-10, 1.29499e-10, 1.23367e-10, 1.23367e-10
2.36048e+05, 1.10849e-10, 1.10849e-10, 1.33539e-10, 1.33539e-10, 1.27216e-10, 1.27216e-10
2.43781e+05, 1.14291e-10, 1.14291e-10, 1.37686e-10, 1.37686e-10, 1.31166e-10, 1.31166e-10
2.51768e+05, 1.17823e-10, 1.17823e-10, 1.41941e-10, 1.41941e-10, 1.35220e-10, 1.35220e-10
2.60016e+05, 1.21448e-10, 1.21448e-10, 1.46308e-10, 1.46308e-10, 1.39380e-10, 1.39380e-10
2.68534e+05, 1.25166e-10, 1.25166e-10, 1.50787e-10, 1.50787e-10, 1.43647e-10, 1.43647e-10
2.77332e+05, 1.28979e-10, 1.28979e-10, 1.55381e-10, 1.55381e-10, 1.48023e-10, 1.48023e-10
2.86418e+05, 1.32890e-10, 1.32890e-10, 1.60092e-10, 1.60092e-10, 1.52511e-10, 1.52511e-10
2.95801e+05, 1.36898e-10, 1.36898e-10, 1.64921e-10, 1.64921e-10, 1.57111e-10, 1.57111e-10
3.05492e+05, 1.41007e-10, 1.41007e-10, 1.69871e-10, 1.69871e-10, 1.61827e-10, 1.61827e-10
3.15500e+05, 1.45218e-10, 1.45218e-10, 1.74944e-10, 1.74944e-10, 1.66660e-10, 1.66660e-10
3.25837e+05, 1.49533e-10, 1.49533e-10, 1.80142e-10, 1.80142e-10, 1.71611e-10, 1.71611e-10
3.36512e+05, 1.53953e-10, 1.53953e-10, 1.85467e-10, 1.85467e-10, 1.76684e-10, 1.76684e-10
3.47536e+05, 1.58480e-10, 1.58480e-10, 1.90921e-10, 1.90921e-10, 1.81880e-10, 1.81880e-10
3.58922e+05, 1.63118e-10, 1.63118e-10, 1.96508e-10, 1.96508e-10, 1.87202e-10, 1.87202e-10
3.70681e+05, 1.67867e-10, 1.67867e-10, 2.02229e-10, 2.02229e-10, 1.92652e-10, 1.92652e-10
3.82825e+05, 1.72729e-10, 1.72729e-10, 2.08086e-10, 2.08086e-10, 1.98233e-10, 1.98233e-10
3.95367e+05, 1.77706e-10, 1.77706e-10, 2.14083e-10, 2.14083e-10, 2.03945e-10, 2.03945e-10
4.08319e+05, 1.82801e-10, 1.82801e-10, 2.20220e-10, 2.20220e-10, 2.09792e-10, 2.09792e-10
4.21697e+05, 1.88016e-10, 1.88016e-10, 2.26502e-10, 2.26502e-10, 2.15777e-10, 2.15777e-10
4.35512e+05, 1.93352e-10, 1.93352e-10, 2.32930e-10, 2.32930e-10, 2.21900e-10, 2.21900e-10
4.49780e+05, 1.98811e-10, 1.98811e-10, 2.39507e-10, 2.39507e-10, 2.28165e-10, 2.28165e-10
4.64515e+05, 2.04395e-10, 2.04395e-10, 2.46235e-10, 2.46235e-10, 2.34575e-10, 2.34575e-10
4.79733e+05, 2.10108e-10, 2.10108e-10, 2.53116e-10, 2.53116e-10, 2.41130e-10, 2.41130e-10
4.95450e+05, 2.15949e-10, 2.15949e-10, 2.60154e-10, 2.60154e-10, 2.47834e-10, 2.47834e-10
5.11682e+05, 2.21923e-10, 2.21923e-10, 2.67350e-10, 2.67350e-10, 2.54690e-10, 2.54690e-10
5.28445e+05, 2.28030e-10, 2.28030e-10, 2.74707e-10, 2.74707e-10, 2.61699e-10, 2.61699e-10
5.45758e+05, 2.34273e-10, 2.34273e-10, 2.82228e-10, 2.82228e-10, 2.68864e-10, 2.68864e-10
5.63638e+05, 2.40655e-10, 2.40655e-10, 2.89917e-10, 2.89917e-10, 2.76188e-10, 2.76188e-10
5.82103e+05, 2.47177e-10, 2.47177e-10, 2.97774e-10, 2.97774e-10, 2.83673e-10, 2.83673e-10
6.01174e+05, 2.53842e-10, 2.53842e-10, 3.05803e-10, 3.05803e-10, 2.91322e-10, 2.91322e-10
6.20869e+05, 2.60651e-10, 2.60651e-10, 3.14005e-10, 3.14005e-10, 2.99136e-10, 2.99136e-10
6.41210e+05, 2.67606e-10, 2.67606e-10, 3.22385e-10, 3.22385e-10, 3.07119e-10, 3.07119e-10
6.62217e+05, 2.74711e-10, 2.74711e-10, 3.30944e-10, 3.30944e-10, 3.15273e-10, 3.15273e-10
6.83912e+05, 2.81968e-10, 2.81968e-10, 3.39686e-10, 3.39686e-10, 3.23601e-10, 3.23601e-10
7.06318e+05, 2.89378e-10, 2.89378e-10, 3.48613e-10, 3.48613e-10, 3.32105e-10, 3.32105e-10
7.29458e+05, 2.96943e-10, 2.96943e-10, 3.57726e-10, 3.57726e-10, 3.40787e-10, 3.40787e-10
7.53356e+05, 3.04666e-10, 3.04666e-10, 3.67030e-10, 3.67030e-10, 3.49650e-10, 3.49650e-10
7.78037e+05, 3.12549e-10, 3.12549e-10, 3.76528e-10, 3.76528e-10, 3.58698e-10, 3.58698e-10
8.03526e+05, 3.20596e-10, 3.20596e-10, 3.86221e-10, 3.86221e-10, 3.67932e-10, 3.67932e-10
8.29851e+05, 3.28806e-10, 3.28806e-10, 3.96112e-10, 3.96112e-10, 3.77355e-10, 3.77355e-10
8.57038e+05, 3.37184e-10, 3.37184e-10, 4.06205e-10, 4.06205e-10, 3.86969e-10, 3.86969e-10
8.85116e+05, 3.45730e-10, 3.45730e-10, 4.16501e-10, 4.16501e-10, 3.96778e-10, 3.96778e-10
9.14113e+05, 3.54449e-10, 3.54449e-10, 4.27004e-10, 4.27004e-10, 4.06784e-10, 4.06784e-10
9.44061e+05, 3.63342e-10, 3.63342e-10, 4.37718e-10, 4.37718e-10, 4.16990e-10, 4.16990e-10
9.74990e+05, 3.72412e-10, 3.72412e-10, 4.48644e-10, 4.48644e-10, 4.27399e-10, 4.27399e-10
1.00693e+06, 3.81659e-10, 3.81659e-10, 4.59784e-10, 4.59784e-10, 4.38012e-10, 4.38012e-10
1.03992e+06, 3.91087e-10, 3.91087e-10, 4.71142e-10, 4.71142e-10, 4.48832e-10, 4.48832e-10
1.07399e+06, 4.00697e-10, 4.00697e-10, 4.82719e-10, 4.82719e-10, 4.59861e-10, 4.59861e-10
1.10917e+06, 4.10491e-10, 4.10491e-10, 4.94517e-10, 4.94517e-10, 4.71100e-10, 4.71100e-10
1.14551e+06, 4.20468e-10, 4.20468e-10, 5.06537e-10, 5.06537e-10, 4.82550e-10, 4.82550e-10
1.18304e+06, 4.30629e-10, 4.30629e-10, 5.18778e-10, 5.18778e-10, 4.94212e-10, 4.94212e-10
1.22180e+06, 4.40975e-10, 4.40975e-10, 5.31242e-10, 5.31242e-10, 5.06085e-10, 5.06085e-10
1.26183e+06, 4.51506e-10, 4.51506e-10, 5.43929e-10, 5.43929e-10, 5.18172e-10, 5.18172e-10
1.30317e+06, 4.62224e-10, 4.62224e-10, 5.56840e-10, 5.56840e-10, 5.30472e-10, 5.30472e-10
1.34586e+06, 4.73128e-10, 4.73128e-10, 5.69976e-10, 5.69976e-10, 5.42986e-10, 5.42986e-10
1.38995e+06, 4.84218e-10, 4.84218e-10, 5.83337e-10, 5.83337e-10, 5.55713e-10, 5.55713e-10
1.43549e+06, 4.95494e-10, 4.95494e-10, 5.96920e-10, 5.96920e-10, 5.68654e-10, 5.68654e-10
1.48252e+06, 5.06955e-10, 5.06955e-10, 6.10728e-10, 6.10728e-10, 5.81808e-10, 5.81808e-10
1.53109e+06, 5.18602e-10, 5.18602e-10, 6.24759e-10, 6.24759e-10, 5.95175e-10, 5.95175e-10
1.58125e+06, 5.30434e-10, 5.30434e-10, 6.39013e-10, 6.39013e-10, 6.08754e-10, 6.08754e-10
1.63305e+06, 5.42450e-10, 5.42450e-10, 6.53488e-10, 6.53488e-10, 6.22543e-10, 6.22543e-10
1.68655e+06, 5.54648e-10, 5.54648e-10, 6.68183e-10, 6.68183e-10, 6.36542e-10, 6.36542e-10
1.74181e+06, 5.67027e-10, 5.67027e-10, 6.83097e-10, 6.83097e-10, 6.50749e-10, 6.50749e-10
1.79887e+06, 5.79587e-10, 5.79587e-10, 6.98227e-10, 6.98227e-10, 6.65164e-10, 6.65164e-10
1.85780e+06, 5.92325e-10, 5.92325e-10, 7.13573e-10, 7.13573e-10, 6.79782e-10, 6.79782e-10
1.91867e+06, 6.05240e-10, 6.05240e-10, 7.29131e-10, 7.29131e-10, 6.94604e-10, 6.94604e-10
1.98153e+06, 6.18329e-10, 6.18329e-10, 7.44900e-10, 7.44900e-10, 7.09626e-10, 7.09626e-10
2.04644e+06, 6.31590e-10, 6.31590e-10, 7.60875e-10, 7.60875e-10, 7.24844e-10, 7.24844e-10
2.11349e+06, 6.45020e-10, 6.45020e-10, 7.77054e-10, 7.77054e-10, 7.40257e-10, 7.40257e-10
2.18273e+06, 6.58618e-10, 6.58618e-10, 7.93435e-10, 7.93435e-10, 7.55863e-10, 7.55863e-10
2.25424e+06, 6.72380e-10, 6.72380e-10, 8.10014e-10, 8.10014e-10, 7.71657e-10, 7.71657e-10
2.32809e+06, 6.86301e-10, 6.86301e-10, 8.26786e-10, 8.26786e-10, 7.87634e-10, 7.87634e-10
2.40436e+06, 7.00379e-10, 7.00379e-10, 8.43745e-10, 8.43745e-10, 8.03791e-10, 8.03791e-10
2.48313e+06, 7.14610e-10, 7.14610e-10, 8.60889e-10, 8.60889e-10, 8.20123e-10, 8.20123e-10
2.56448e+06, 7.28990e-10, 7.28990e-10, 8.78213e-10, 8.78213e-10, 8.36626e-10, 8.36626e-10
2.64850e+06, 7.43514e-10, 7.43514e-10, 8.95710e-10, 8.95710e-10, 8.53295e-10, 8.53295e-10
2.73527e+06, 7.58178e-10, 7.58178e-10, 9.13376e-10, 9.13376e-10, 8.70124e-10, 8.70124e-10
2.82488e+06, 7.72977e-10, 7.72977e-10, 9.31204e-10, 9.31204e-10, 8.87108e-10, 8.87108e-10
2.91743e+06, 7.87905e-10, 7.87905e-10, 9.49188e-10, 9.49188e-10, 9.04240e-10, 9.04240e-10
3.01301e+06, 8.02957e-10, 8.02957e-10, 9.67321e-10, 9.67321e-10, 9.21515e-10, 9.21515e-10
3.11172e+06, 8.18129e-10, 8.18129e-10, 9.85598e-10, 9.85598e-10, 9.38926e-10, 9.38926e-10
3.21366e+06, 8.33416e-10, 8.33416e-10, 1.00401e-09, 1.00401e-09, 9.56471e-10, 9.56471e-10
3.31894e+06, 8.48814e-10, 8.48814e-10, 1.02256e-09, 1.02256e-09, 9.74142e-10, 9.74142e-10
3.42768e+06, 8.64320e-10, 8.64320e-10, 1.04124e-09, 1.04124e-09, 9.91937e-10, 9.91937e-10
3.53997e+06, 8.79929e-10, 8.79929e-10, 1.06005e-09, 1.06005e-09, 1.00985e-09, 1.00985e-09
3.65595e+06, 8.95638e-10, 8.95638e-10, 1.07897e-09, 1.07897e-09, 1.02788e-09, 1.02788e-09
3.77572e+06, 9.11444e-10, 9.11444e-10, 1.09801e-09, 1.09801e-09, 1.04602e-09, 1.04602e-09
3.89942e+06, 9.27341e-10, 9.27341e-10, 1.11717e-09, 1.11717e-09, 1.06426e-09, 1.06426e-09
4.02717e+06, 9.43325e-10, 9.43325e-10, 1.13642e-09, 1.13642e-09, 1.08261e-09, 1.08261e-09
4.15911e+06, 9.59392e-10, 9.59392e-10, 1.15578e-09, 1.15578e-09, 1.10105e-09, 1.10105e-09
4.29536e+06, 9.75538e-10, 9.75538e-10, 1.17523e-09, 1.17523e-09, 1.11958e-09, 1.11958e-09
4.43609e+06, 9.91758e-10, 9.91758e-10, 1.19477e-09, 1.19477e-09, 1.13819e-09, 1.13819e-09
4.58142e+06, 1.00805e-09, 1.00805e-09, 1.21439e-09, 1.21439e-09, 1.15689e-09, 1.15689e-09
4.73151e+06, 1.02440e-09, 1.02440e-09, 1.23410e-09, 1.23410e-09, 1.17566e-09, 1.17566e-09
4.88652e+06, 1.04082e-09, 1.04082e-09, 1.25387e-09, 1.25387e-09, 1.19450e-09, 1.19450e-09
5.04661e+06, 1.05729e-09, 1.05729e-09, 1.27371e-09, 1.27371e-09, 1.21340e-09, 1.21340e-09
5.21195e+06, 1.07381e-09, 1.07381e-09, 1.29361e-09, 1.29361e-09, 1.23236e-09, 1.23236e-09
5.38270e+06, 1.09037e-09, 1.09037e-09, 1.31357e-09, 1.31357e-09, 1.25137e-09, 1.25137e-09
5.55904e+06, 1.10698e-09, 1.10698e-09, 1.33358e-09, 1.33358e-09, 1.27043e-09, 1.27043e-09
5.74116e+06, 1.12362e-09, 1.12362e-09, 1.35363e-09, 1.35363e-09, 1.28953e-09, 1.28953e-09
5.92925e+06, 1.14029e-09, 1.14029e-09, 1.37371e-09, 1.37371e-09, 1.30866e-09, 1.30866e-09
6.12350e+06, 1.15699e-09, 1.15699e-09, 1.39382e-09, 1.39382e-09, 1.32782e-09, 1.32782e-09
6.32412e+06, 1.17370e-09, 1.17370e-09, 1.41396e-09, 1.41396e-09, 1.34700e-09, 1.34700e-09
6.53131e+06, 1.19043e-09, 1.19043e-09, 1.43411e-09, 1.43411e-09, 1.36620e-09, 1.36620e-09
6.74528e+06, 1.20717e-09, 1.20717e-09, 1.45428e-09, 1.45428e-09, 1.38541e-09, 1.38541e-09
6.96627e+06, 1.22391e-09, 1.22391e-09, 1.47444e-09, 1.47444e-09, 1.40462e-09, 1.40462e-09
7.19449e+06, 1.24065e-09, 1.24065e-09, 1.49461e-09, 1.49461e-09, 1.42383e-09, 1.42383e-09
7.43019e+06, 1.25738e-09, 1.25738e-09, 1.51476e-09, 1.51476e-09, 1.44303e-09, 1.44303e-09
7.67361e+06, 1.27410e-09, 1.27410e-09, 1.53490e-09, 1.53490e-09, 1.46222e-09, 1.46222e-09
7.92501e+06, 1.29080e-09, 1.29080e-09, 1.55502e-09, 1.55502e-09, 1.48138e-09, 1.48138e-09
8.18465e+06, 1.30747e-09, 1.30747e-09, 1.57510e-09, 1.57510e-09, 1.50052e-09, 1.50052e-09
8.45279e+06, 1.32411e-09, 1.32411e-09, 1.59515e-09, 1.59515e-09, 1.51961e-09, 1.51961e-09
8.72971e+06, 1.34072e-09, 1.34072e-09, 1.61516e-09, 1.61516e-09, 1.53867e-09, 1.53867e-09
9.01571e+06, 1.35728e-09, 1.35728e-09, 1.63511e-09, 1.63511e-09, 1.55768e-09, 1.55768e-09
9.31108e+06, 1.37380e-09, 1.37380e-09, 1.65501e-09, 1.65501e-09, 1.57664e-09, 1.57664e-09
9.61612e+06, 1.39026e-09, 1.39026e-09, 1.67484e-09, 1.67484e-09, 1.59553e-09, 1.59553e-09
9.93116e+06, 1.40666e-09, 1.40666e-09, 1.69460e-09, 1.69460e-09, 1.61436e-09, 1.61436e-09
1.02565e+07, 1.42300e-09, 1.42300e-09, 1.71428e-09, 1.71428e-09, 1.63311e-09, 1.63311e-09
1.05925e+07, 1.43926e-09, 1.43926e-09, 1.73387e-09, 1.73387e-09, 1.65177e-09, 1.65177e-09
1.09396e+07, 1.45543e-09, 1.45543e-09, 1.75335e-09, 1.75335e-09, 1.67032e-09, 1.67032e-09
1.12980e+07, 1.47149e-09, 1.47149e-09, 1.77270e-09, 1.77270e-09, 1.68876e-09, 1.68876e-09
1.16681e+07, 1.48743e-09, 1.48743e-09, 1.79190e-09, 1.79190e-09, 1.70705e-09, 1.70705e-09
1.20504e+07, 1.50323e-09, 1.50323e-09, 1.81094e-09, 1.81094e-09, 1.72518e-09, 1.72518e-09
1.24451e+07, 1.51888e-09, 1.51888e-09, 1.82979e-09, 1.82979e-09, 1.74314e-09, 1.74314e-09
1.28529e+07, 1.53436e-09, 1.53436e-09, 1.84844e-09, 1.84844e-09, 1.76091e-09, 1.76091e-09
1.32739e+07, 1.54965e-09, 1.54965e-09, 1.86686e-09, 1.86686e-09, 1.77846e-09, 1.77846e-09
1.37088e+07, 1.56475e-09, 1.56475e-09, 1.88505e-09, 1.88505e-09, 1.79578e-09, 1.79578e-09
1.41579e+07, 1.57962e-09, 1.57962e-09, 1.90296e-09, 1.90296e-09, 1.81285e-09, 1.81285e-09
1.46218e+07, 1.59425e-09, 1.59425e-09, 1.92059e-09, 1.92059e-09, 1.82964e-09, 1.82964e-09
1.51008e+07, 1.60863e-09, 1.60863e-09, 1.93792e-09, 1.93792e-09, 1.84615e-09, 1.84615e-09
1.55955e+07, 1.62274e-09, 1.62274e-09, 1.95491e-09, 1.95491e-09, 1.86234e-09, 1.86234e-09
1.61065e+07, 1.63656e-09, 1.63656e-09, 1.97156e-09, 1.97156e-09, 1.87820e-09, 1.87820e-09
1.66341e+07, 1.65007e-09, 1.65007e-09, 1.98784e-09, 1.98784e-09, 1.89371e-09, 1.89371e-09
1.71791e+07, 1.66326e-09, 1.66326e-09, 2.00372e-09, 2.00372e-09, 1.90884e-09, 1.90884e-09
1.77419e+07, 1.67610e-09, 1.67610e-09, 2.01919e-09, 2.01919e-09, 1.92358e-09, 1.92358e-09
1.83231e+07, 1.68858e-09, 1.68858e-09, 2.03422e-09, 2.03422e-09, 1.93790e-09, 1.93790e-09
1.89234e+07, 1.70067e-09, 1.70067e-09, 2.04880e-09, 2.04880e-09, 1.95178e-09, 1.95178e-09
1.95434e+07, 1.71237e-09, 1.71237e-09, 2.06289e-09, 2.06289e-09, 1.96521e-09, 1.96521e-09
2.01837e+07, 1.72366e-09, 1.72366e-09, 2.07649e-09, 2.07649e-09, 1.97816e-09, 1.97816e-09
2.08449e+07, 1.73450e-09, 1.73450e-09, 2.08955e-09, 2.08955e-09, 1.99061e-09, 1.99061e-09
2.15278e+07, 1.74490e-09, 1.74490e-09, 2.10207e-09, 2.10207e-09, 2.00253e-09, 2.00253e-09
2.22331e+07, 1.75482e-09, 1.75482e-09, 2.11402e-09, 2.11402e-09, 2.01392e-09, 2.01392e-09
2.29615e+07, 1.76425e-09, 1.76425e-09, 2.12539e-09, 2.12539e-09, 2.02474e-09, 2.02474e-09
2.37137e+07, 1.77317e-09, 1.77317e-09, 2.13614e-09, 2.13614e-09, 2.03498e-09, 2.03498e-09
2.44906e+07, 1.78157e-09, 1.78157e-09, 2.14626e-09, 2.14626e-09, 2.04463e-09, 2.04463e-09
2.52930e+07, 1.78943e-09, 1.78943e-09, 2.15573e-09, 2.15573e-09, 2.05364e-09, 2.05364e-09
2.61216e+07, 1.79673e-09, 1.79673e-09, 2.16452e-09, 2.16452e-09, 2.06202e-09, 2.06202e-09
2.69774e+07, 1.80346e-09, 1.80346e-09, 2.17262e-09, 2.17262e-09, 2.06974e-09, 2.06974e-09
2.78612e+07, 1.80959e-09, 1.80959e-09, 2.18001e-09, 2.18001e-09, 2.07678e-09, 2.07678e-09
2.87740e+07, 1.81512e-09, 1.81512e-09, 2.18667e-09, 2.18667e-09, 2.08312e-09, 2.08312e-09
2.97167e+07, 1.82003e-09, 1.82003e-09, 2.19258e-09, 2.19258e-09, 2.08875e-09, 2.08875e-09
3.06902e+07, 1.82430e-09, 1.82430e-09, 2.19773e-09, 2.19773e-09, 2.09366e-09, 2.09366e-09
3.16957e+07, 1.82794e-09, 1.82794e-09, 2.20211e-09, 2.20211e-09, 2.09784e-09, 2.09784e-09
3.27341e+07, 1.83095e-09, 1.83095e-09, 2.20574e-09, 2.20574e-09, 2.10129e-09, 2.10129e-09
3.38065e+07, 1.83335e-09, 1.83335e-09, 2.20863e-09, 2.20863e-09, 2.10405e-09, 2.10405e-09
3.49140e+07, 1.83515e-09, 1.83515e-09, 2.21080e-09, 2.21080e-09, 2.10611e-09, 2.10611e-09
3.60579e+07, 1.83635e-09, 1.83635e-09, 2.21225e-09, 2.21225e-09, 2.10749e-09, 2.10749e-09
3.72392e+07, 1.83698e-09, 1.83698e-09, 2.21301e-09, 2.21301e-09, 2.10821e-09, 2.10821e-09
3.84592e+07, 1.83704e-09, 1.83704e-09, 2.21308e-09, 2.21308e-09, 2.10828e-09, 2.10828e-09
3.97192e+07, 1.83654e-09, 1.83654e-09, 2.21248e-09, 2.21248e-09, 2.10771e-09, 2.10771e-09
4.10204e+07, 1.83551e-09, 1.83551e-09, 2.21123e-09, 2.21123e-09, 2.10652e-09, 2.10652e-09
4.23643e+07, 1.83394e-09, 1.83394e-09, 2.20935e-09, 2.20935e-09, 2.10473e-09, 2.10473e-09
4.37522e+07, 1.83187e-09, 1.83187e-09, 2.20685e-09, 2.20685e-09, 2.10235e-09, 2.10235e-09
4.51856e+07, 1.82930e-09, 1.82930e-09, 2.20376e-09, 2.20376e-09, 2.09940e-09, 2.09940e-09
4.66659e+07, 1.82625e-09, 1.82625e-09, 2.20008e-09, 2.20008e-09, 2.09590e-09, 2.09590e-09
4.81948e+07, 1.82274e-09, 1.82274e-09, 2.19585e-09, 2.19585e-09, 2.09187e-09, 2.09187e-09
4.97737e+07, 1.81878e-09, 1.81878e-09, 2.19107e-09, 2.19107e-09, 2.08732e-09, 2.08732e-09
5.14044e+07, 1.81438e-09, 1.81438e-09, 2.18578e-09, 2.18578e-09, 2.08227e-09, 2.08227e-09
5.30884e+07, 1.80957e-09, 1.80957e-09, 2.17998e-09, 2.17998e-09, 2.07675e-09, 2.07675e-09
5.48277e+07, 1.80435e-09, 1.80435e-09, 2.17370e-09, 2.17370e-09, 2.07077e-09, 2.07077e-09
5.66239e+07, 1.79876e-09, 1.79876e-09, 2.16696e-09, 2.16696e-09, 2.06434e-09, 2.06434e-09
5.84790e+07, 1.79279e-09, 1.79279e-09, 2.15977e-09, 2.15977e-09, 2.05750e-09, 2.05750e-09
6.03949e+07, 1.78648e-09, 1.78648e-09, 2.15216e-09, 2.15216e-09, 2.05025e-09, 2.05025e-09
6.23735e+07, 1.77982e-09, 1.77982e-09, 2.14415e-09, 2.14415e-09, 2.04262e-09, 2.04262e-09
6.44169e+07, 1.77286e-09, 1.77286e-09, 2.13576e-09, 2.13576e-09, 2.03462e-09, 2.03462e-09
6.65273e+07, 1.76559e-09, 1.76559e-09, 2.12701e-09, 2.12701e-09, 2.02629e-09, 2.02629e-09
6.87068e+07, 1.75805e-09, 1.75805e-09, 2.11791e-09, 2.11791e-09, 2.01762e-09, 2.01762e-09
7.09578e+07, 1.75023e-09, 1.75023e-09, 2.10850e-09, 2.10850e-09, 2.00865e-09, 2.00865e-09
7.32825e+07, 1.74216e-09, 1.74216e-09, 2.09878e-09, 2.09878e-09, 1.99939e-09, 1.99939e-09
7.56833e+07, 1.73386e-09, 1.73386e-09, 2.08878e-09, 2.08878e-09, 1.98987e-09, 1.98987e-09
7.81628e+07, 1.72534e-09, 1.72534e-09, 2.07852e-09, 2.07852e-09, 1.98009e-09, 1.98009e-09
8.07235e+07, 1.71662e-09, 1.71662e-09, 2.06801e-09, 2.06801e-09, 1.97008e-09, 1.97008e-09
8.33681e+07, 1.70772e-09, 1.70772e-09, 2.05728e-09, 2.05728e-09, 1.95986e-09, 1.95986e-09
8.60994e+07, 1.69864e-09, 1.69864e-09, 2.04635e-09, 2.04635e-09, 1.94944e-09, 1.94944e-09
8.89201e+07, 1.68941e-09, 1.68941e-09, 2.03522e-09, 2.03522e-09, 1.93885e-09, 1.93885e-09
9.18333e+07, 1.68003e-09, 1.68003e-09, 2.02393e-09, 2.02393e-09, 1.92809e-09, 1.92809e-09
9.48418e+07, 1.67054e-09, 1.67054e-09, 2.01249e-09, 2.01249e-09, 1.91719e-09, 1.91719e-09
9.79490e+07, 1.66093e-09, 1.66093e-09, 2.00092e-09, 2.00092e-09, 1.90617e-09, 1.90617e-09
1.01158e+08, 1.65123e-09, 1.65123e-09, 1.98923e-09, 1.98923e-09, 1.89504e-09, 1.89504e-09
1.04472e+08, 1.64145e-09, 1.64145e-09, 1.97745e-09, 1.97745e-09, 1.88381e-09, 1.88381e-09
1.07895e+08, 1.63158e-09, 1.63158e-09, 1.96556e-09, 1.96556e-09, 1.87249e-09, 1.87249e-09
1.11429e+08, 1.62165e-09, 1.62165e-09, 1.95360e-09, 1.95360e-09, 1.86109e-09, 1.86109e-09
1.15080e+08, 1.61165e-09, 1.61165e-09, 1.94155e-09, 1.94155e-09, 1.84961e-09, 1.84961e-09
1.18850e+08, 1.60159e-09, 1.60159e-09, 1.92943e-09, 1.92943e-09, 1.83807e-09, 1.83807e-09
1.22744e+08, 1.59148e-09, 1.59148e-09, 1.91725e-09, 1.91725e-09, 1.82646e-09, 1.82646e-09
1.26765e+08, 1.58132e-09, 1.58132e-09, 1.90501e-09, 1.90501e-09, 1.81480e-09, 1.81480e-09
1.30918e+08, 1.57112e-09, 1.57112e-09, 1.89272e-09, 1.89272e-09, 1.80310e-09, 1.80310e-09
1.35207e+08, 1.56088e-09, 1.56088e-09, 1.88039e-09, 1.88039e-09, 1.79135e-09, 1.79135e-09
1.39637e+08, 1.55061e-09, 1.55061e-09, 1.86802e-09, 1.86802e-09, 1.77956e-09, 1.77956e-09
1.44212e+08, 1.54032e-09, 1.54032e-09, 1.85562e-09, 1.85562e-09, 1.76775e-09, 1.76775e-09
1.48936e+08, 1.53001e-09, 1.53001e-09, 1.84320e-09, 1.84320e-09, 1.75592e-09, 1.75592e-09
1.53815e+08, 1.51968e-09, 1.51968e-09, 1.83076e-09, 1.83076e-09, 1.74406e-09, 1.74406e-09
1.58855e+08, 1.50934e-09, 1.50934e-09, 1.81830e-09, 1.81830e-09, 1.73220e-09, 1.73220e-09
1.64059e+08, 1.49900e-09, 1.49900e-09, 1.80584e-09, 1.80584e-09, 1.72033e-09, 1.72033e-09
1.69434e+08, 1.48866e-09, 1.48866e-09, 1.79339e-09, 1.79339e-09, 1.70846e-09, 1.70846e-09
1.74985e+08, 1.47832e-09, 1.47832e-09, 1.78094e-09, 1.78094e-09, 1.69660e-09, 1.69660e-09
1.80717e+08, 1.46800e-09, 1.46800e-09, 1.76849e-09, 1.76849e-09, 1.68475e-09, 1.68475e-09
1.86638e+08, 1.45768e-09, 1.45768e-09, 1.75606e-09, 1.75606e-09, 1.67291e-09, 1.67291e-09
1.92752e+08, 1.44738e-09, 1.44738e-09, 1.74366e-09, 1.74366e-09, 1.66109e-09, 1.66109e-09
1.99067e+08, 1.43711e-09, 1.43711e-09, 1.73129e-09, 1.73129e-09, 1.64930e-09, 1.64930e-09
2.05589e+08, 1.42687e-09, 1.42687e-09, 1.71895e-09, 1.71895e-09, 1.63755e-09, 1.63755e-09
2.12324e+08, 1.41665e-09, 1.41665e-09, 1.70664e-09, 1.70664e-09, 1.62582e-09, 1.62582e-09
2.19280e+08, 1.40647e-09, 1.40647e-09, 1.69437e-09, 1.69437e-09, 1.61414e-09, 1.61414e-09
2.26464e+08, 1.39633e-09, 1.39633e-09, 1.68216e-09, 1.68216e-09, 1.60250e-09, 1.60250e-09
2.33884e+08, 1.38623e-09, 1.38623e-09, 1.66999e-09, 1.66999e-09, 1.59091e-09, 1.59091e-09
2.41546e+08, 1.37618e-09, 1.37618e-09, 1.65788e-09, 1.65788e-09, 1.57937e-09, 1.57937e-09
2.49459e+08, 1.36618e-09, 1.36618e-09, 1.64583e-09, 1.64583e-09, 1.56789e-09, 1.56789e-09
2.57632e+08, 1.35623e-09, 1.35623e-09, 1.63384e-09, 1.63384e-09, 1.55647e-09, 1.55647e-09
2.66073e+08, 1.34633e-09, 1.34633e-09, 1.62192e-09, 1.62192e-09, 1.54512e-09, 1.54512e-09
2.74789e+08, 1.33649e-09, 1.33649e-09, 1.61007e-09, 1.61007e-09, 1.53383e-09, 1.53383e-09
2.83792e+08, 1.32672e-09, 1.32672e-09, 1.59830e-09, 1.59830e-09, 1.52262e-09, 1.52262e-09
2.93089e+08, 1.31702e-09, 1.31702e-09, 1.58661e-09, 1.58661e-09, 1.51148e-09, 1.51148e-09
3.02691e+08, 1.30738e-09, 1.30738e-09, 1.57500e-09, 1.57500e-09, 1.50042e-09, 1.50042e-09
3.12608e+08, 1.29782e-09, 1.29782e-09, 1.56348e-09, 1.56348e-09, 1.48944e-09, 1.48944e-09
3.22849e+08, 1.28832e-09, 1.28832e-09, 1.55203e-09, 1.55203e-09, 1.47854e-09, 1.47854e-09
3.33426e+08, 1.27888e-09, 1.27888e-09, 1.54066e-09, 1.54066e-09, 1.46771e-09, 1.46771e-09
3.44350e+08, 1.26949e-09, 1.26949e-09, 1.52935e-09, 1.52935e-09, 1.45693e-09, 1.45693e-09
3.55631e+08, 1.26014e-09, 1.26014e-09, 1.51809e-09, 1.51809e-09, 1.44620e-09, 1.44620e-09
3.67282e+08, 1.25080e-09, 1.25080e-09, 1.50684e-09, 1.50684e-09, 1.43548e-09, 1.43548e-09
3.79315e+08, 1.24145e-09, 1.24145e-09, 1.49558e-09, 1.49558e-09, 1.42475e-09, 1.42475e-09
3.91742e+08, 1.23205e-09, 1.23205e-09, 1.48425e-09, 1.48425e-09, 1.41397e-09, 1.41397e-09
4.04576e+08, 1.22256e-09, 1.22256e-09, 1.47282e-09, 1.47282e-09, 1.40308e-09, 1.40308e-09
4.17830e+08, 1.21293e-09, 1.21293e-09, 1.46121e-09, 1.46121e-09, 1.39202e-09, 1.39202e-09
4.31519e+08, 1.20307e-09, 1.20307e-09, 1.44934e-09, 1.44934e-09, 1.38071e-09, 1.38071e-09
4.45656e+08, 1.19293e-09, 1.19293e-09, 1.43712e-09, 1.43712e-09, 1.36906e-09, 1.36906e-09
4.60257e+08, 1.18239e-09, 1.18239e-09, 1.42442e-09, 1.42442e-09, 1.35697e-09, 1.35697e-09
4.75335e+08, 1.17135e-09, 1.17135e-09, 1.41112e-09, 1.41112e-09, 1.34430e-09, 1.34430e-09
4.90908e+08, 1.15967e-09, 1.15967e-09, 1.39705e-09, 1.39705e-09, 1.33089e-09, 1.33089e-09
5.06991e+08, 1.14719e-09, 1.14719e-09, 1.38202e-09, 1.38202e-09, 1.31657e-09, 1.31657e-09
5.23600e+08, 1.13373e-09, 1.13373e-09, 1.36581e-09, 1.36581e-09, 1.30113e-09, 1.30113e-09
5.40754e+08, 1.11908e-09, 1.11908e-09, 1.34815e-09, 1.34815e-09, 1.28431e-09, 1.28431e-09
5.58470e+08, 1.10299e-09, 1.10299e-09, 1.32877e-09, 1.32877e-09, 1.26585e-09, 1.26585e-09
5.76766e+08, 1.08517e-09, 1.08517e-09, 1.30730e-09, 1.30730e-09, 1.24540e-09, 1.24540e-09
5.95662e+08, 1.06530e-09, 1.06530e-09, 1.28336e-09, 1.28336e-09, 1.22259e-09, 1.22259e-09
6.15177e+08, 1.04300e-09, 1.04300e-09, 1.25650e-09, 1.25650e-09, 1.19700e-09, 1.19700e-09
6.35331e+08, 1.01784e-09, 1.01784e-09, 1.22619e-09, 1.22619e-09, 1.16812e-09, 1.16812e-09
6.56145e+08, 9.89323e-10, 9.89323e-10, 1.19184e-09, 1.19184e-09, 1.13540e-09, 1.13540e-09
6.77642e+08, 9.56898e-10, 9.56898e-10, 1.15277e-09, 1.15277e-09, 1.09818e-09, 1.09818e-09
6.99842e+08, 9.19924e-10, 9.19924e-10, 1.10823e-09, 1.10823e-09, 1.05575e-09, 1.05575e-09
7.22770e+08, 8.77678e-10, 8.77678e-10, 1.05734e-09, 1.05734e-09, 1.00727e-09, 1.00727e-09
7.46449e+08, 8.29339e-10, 8.29339e-10, 9.99103e-10, 9.99103e-10, 9.51792e-10, 9.51792e-10
7.70903e+08, 7.73980e-10, 7.73980e-10, 9.32412e-10, 9.32412e-10, 8.88259e-10, 8.88259e-10
7.96159e+08, 7.10551e-10, 7.10551e-10, 8.56000e-10, 8.56000e-10, 8.15465e-10, 8.15465e-10
8.22243e+08, 6.37868e-10, 6.37868e-10, 7.68438e-10, 7.68438e-10, 7.32050e-10, 7.32050e-10
8.49180e+08, 5.54594e-10, 5.54594e-10, 6.68118e-10, 6.68118e-10, 6.36480e-10, 6.36480e-10
8.77001e+08, 4.59224e-10, 4.59224e-10, 5.53227e-10, 5.53227e-10, 5.27029e-10, 5.27029e-10
9.05733e+08, 3.50066e-10, 3.50066e-10, 4.21724e-10, 4.21724e-10, 4.01754e-10, 4.01754e-10
9.35406e+08, 2.25215e-10, 2.25215e-10, 2.71317e-10, 2.71317e-10, 2.58469e-10, 2.58469e-10
9.66051e+08, 8.25343e-11, 8.25343e-11, 9.94289e-11, 9.94289e-11, 9.47206e-11, 9.47206e-11
9.97700e+08, 0.00000e+00, 0.00000e+00, 0.00000e+00, 0.00000e+00, 0.00000e+00, 0.00000e+00
1.03039e+09, 0.00000e+00, 0.00000e+00, 0.00000e+00, 0.00000e+00, 0.00000e+00, 0.00000e+00
1.06414e+09, 0.00000e+00, 0.00000e+00, 0.00000e+00, 0.00000e+00, 0.00000e+00, 0.00000e+00
1.09901e+09, 0.00000e+00, 0.00000e+00, 0.00000e+00, 0.00000e+00, 0.00000e+00, 0.00000e+00
1.13501e+09, 0.00000e+00, 0.00000e+00, 0.00000e+00, 0.00000e+00, 0.00000e+00, 0.00000e+00
1.17220e+09, 0.00000e+00, 0.00000e+00, 0.00000e+00, 0.00000e+00, 0.00000e+00, 0.00000e+00
1.21060e+09, 0.00000e+00, 0.00000e+00, 0.00000e+00, 0.00000e+00, 0.00000e+00, 0.00000e+00
1.25026e+09, 0.00000e+00, 0.00000e+00, 0.00000e+00, 0.00000e+00, 0.00000e+00, 0.00000e+00
1.29122e+09, 0.00000e+00, 0.00000e+00, 0.00000e+00, 0.00000e+00, 0.00000e+00, 0.00000e+00
1.33352e+09, 0.00000e+00, 0.00000e+00, 0.00000e+00, 0.00000e+00, 0.00000e+00, 0.00000e+00
1.37721e+09, 0.00000e+00, 0.00000e+00, 0.00000e+00, 0.00000e+00, 0.00000e+00, 0.00000e+00
1.42233e+09, 0.00000e+00, 0.00000e+00, 0.00000e+00, 0.00000e+00, 0.00000e+00, 0.00000e+00
1.46893e+09, 0.00000e+00, 0.00000e+00, 0.00000e+00, 0.00000e+00, 0.00000e+00, 0.00000e+00
1.51705e+09, 0.00000e+00, 0.00000e+00, 0.00000e+00, 0.00000e+00, 0.00000e+00, 0.00000e+00
1.56675e+09, 0.00000e+00, 0.00000e+00, 0.00000e+00, 0.00000e+00, 0.00000e+00, 0.00000e+00
1.61808e+09, 0.00000e+00, 0.00000e+00, 0.00000e+00, 0.00000e+00, 0.00000e+00, 0.00000e+00
1.67109e+09, 0.00000e+00, 0.00000e+00, 0.00000e+00, 0.00000e+00, 0.00000e+00, 0.00000e+00
1.72584e+09, 0.00000e+00, 0.00000e+00, 0.00000e+00, 0.00000e+00, 0.00000e+00, 0.00000e+00
1.78238e+09, 0.00000e+00, 0.00000e+00, 0.00000e+00, 0.00000e+00, 0.00000e+00, 0.00000e+00
1.84077e+09, 0.00000e+00, 0.00000e+00, 0.00000e+00, 0.00000e+00, 0.00000e+00, 0.00000e+00
1.90108e+09, 0.00000e+00, 0.00000e+00, 0.00000e+00, 0.00000e+00, 0.00000e+00, 0.00000e+00
1.96336e+09, 0.00000e+00, 0.00000e+00, 0.00000e+00, 0.00000e+00, 0.00000e+00, 0.00000e+00
2.02768e+09, 0.00000e+00, 0.00000e+00, 0.00000e+00, 0.00000e+00, 0.00000e+00, 0.00000e+00
2.09411e+09, 0.00000e+00, 0.00000e+00, 0.00000e+00, 0.00000e+00, 0.00000e+00, 0.00000e+00
2.16272e+09, 0.00000e+00, 0.00000e+00, 0.00000e+00, 0.00000e+00, 0.00000e+00, 0.00000e+00
2.23357e+09, 0.00000e+00, 0.00000e+00, 0.00000e+00, 0.00000e+00, 0.00000e+00, 0.00000e+00
2.30675e+09, 0.00000e+00, 0.00000e+00, 0.00000e+00, 0.00000e+00, 0.00000e+00, 0.00000e+00
2.38232e+09, 0.00000e+00, 0.00000e+00, 0.00000e+00, 0.00000e+00, 0.00000e+00, 0.00000e+00
2.46037e+09, 0.00000e+00, 0.00000e+00, 0.00000e+00, 0.00000e+00, 0.00000e+00, 0.00000e+00
2.54097e+09, 0.00000e+00, 0.00000e+00, 0.00000e+00, 0.00000e+00, 0.00000e+00, 0.00000e+00
2.62422e+09, 0.00000e+00, 0.00000e+00, 0.00000e+00, 0.00000e+00, 0.00000e+00, 0.00000e+00
2.71019e+09, 0.00000e+00, 0.00000e+00, 0.00000e+00, 0.00000e+00, 0.00000e+00, 0.00000e+00
2.79898e+09, 0.00000e+00, 0.00000e+00, 0.00000e+00, 0.00000e+00, 0.00000e+00, 0.00000e+00
2.89068e+09, 0.00000e+00, 0.00000e+00, 0.00000e+00, 0.00000e+00, 0.00000e+00, 0.00000e+00
2.98538e+09, 0.00000e+00, 0.00000e+00, 0.00000e+00, 0.00000e+00, 0.00000e+00, 0.00000e+00
3.08319e+09, 0.00000e+00, 0.00000e+00, 0.00000e+00, 0.00000e+00, 0.00000e+00, 0.00000e+00
3.18420e+09, 0.00000e+00, 0.00000e+00, 0.00000e+00, 0.00000e+00, 0.00000e+00, 0.00000e+00
3.28852e+09, 0.00000e+00, 0.00000e+00, 0.00000e+00, 0.00000e+00, 0.00000e+00, 0.00000e+00
3.39625e+09, 0.00000e+00, 0.00000e+00, 0.00000e+00, 0.00000e+00, 0.00000e+00, 0.00000e+00
3.50752e+09, 0.00000e+00, 0.00000e+00, 0.00000e+00, 0.00000e+00, 0.00000e+00, 0.00000e+00
3.62243e+09, 0.00000e+00, 0.00000e+00, 0.00000e+00, 0.00000e+00, 0.00000e+00, 0.00000e+00
3.74111e+09, 0.00000e+00, 0.00000e+00, 0.00000e+00, 0.00000e+00, 0.00000e+00, 0.00000e+00
3.86367e+09, 0.00000e+00, 0.00000e+00, 0.00000e+00, 0.00000e+00, 0.00000e+00, 0.00000e+00
3.99025e+09, 0.00000e+00, 0.00000e+00, 0.00000e+00, 0.00000e+00, 0.00000e+00, 0.00000e+00
4.12098e+09, 0.00000e+00, 0.00000e+00, 0.00000e+00, 0.00000e+00, 0.00000e+00, 0.00000e+00
4.25598e+09, 0.00000e+00, 0.00000e+00, 0.00000e+00, 0.00000e+00, 0.00000e+00, 0.00000e+00
4.39542e+09, 0.00000e+00, 0.00000e+00, 0.00000e+00, 0.00000e+00, 0.00000e+00, 0.00000e+00
4.53942e+09, 0.00000e+00, 0.00000e+00, 0.00000e+00, 0.00000e+00, 0.00000e+00, 0.00000e+00
4.68813e+09, 0.00000e+00, 0.00000e+00, 0.00000e+00, 0.00000e+00, 0.00000e+00, 0.00000e+00
4.84172e+09, 0.00000e+00, 0.00000e+00, 0.00000e+00, 0.00000e+00, 0.00000e+00, 0.00000e+00
5.00035e+09, 0.00000e+00, 0.00000e+00, 0.00000e+00, 0.00000e+00, 0.00000e+00, 0.00000e+00
5.16416e+09, 0.00000e+00, 0.00000e+00, 0.00000e+00, 0.00000e+00, 0.00000e+00, 0.00000e+00
5.33335e+09, 0.00000e+00, 0.00000e+00, 0.00000e+00, 0.00000e+00, 0.00000e+00, 0.00000e+00
5.50808e+09, 0.00000e+00, 0.00000e+00, 0.00000e+00, 0.00000e+00, 0.00000e+00, 0.00000e+00
5.68853e+09, 0.00000e+00, 0.00000e+00, 0.00000e+00, 0.00000e+00, 0.00000e+00, 0.00000e+00
5.87489e+09, 0.00000e+00, 0.00000e+00, 0.00000e+00, 0.00000e+00, 0.00000e+00, 0.00000e+00
6.06736e+09, 0.00000e+00, 0.00000e+00, 0.00000e+00, 0.00000e+00, 0.00000e+00, 0.00000e+00
6.26614e+09, 0.00000e+00, 0.00000e+00, 0.00000e+00, 0.00000e+00, 0.00000e+00, 0.00000e+00
6.47143e+09, 0.00000e+00, 0.00000e+00, 0.00000e+00, 0.00000e+00, 0.00000e+00, 0.00000e+00
6.68344e+09, 0.00000e+00, 0.00000e+00, 0.00000e+00, 0.00000e+00, 0.00000e+00, 0.00000e+00
6.90240e+09, 0.00000e+00, 0.00000e+00, 0.00000e+00, 0.00000e+00, 0.00000e+00, 0.00000e+00
7.12853e+09, 0.00000e+00, 0.00000e+00, 0.00000e+00, 0.00000e+00, 0.00000e+00, 0.00000e+00
7.36207e+09, 0.00000e+00, 0.00000e+00, 0.00000e+00, 0.00000e+00, 0.00000e+00, 0.00000e+00
7.60326e+09, 0.00000e+00, 0.00000e+00, 0.00000e+00, 0.00000e+00, 0.00000e+00, 0.00000e+00
7.85236e+09, 0.00000e+00, 0.00000e+00, 0.00000e+00, 0.00000e+00, 0.00000e+00, 0.00000e+00
8.10961e+09, 0.00000e+00, 0.00000e+00, 0.00000e+00, 0.00000e+00, 0.00000e+00, 0.00000e+00
8.37529e+09, 0.00000e+00, 0.00000e+00, 0.00000e+00, 0.00000e+00, 0.00000e+00, 0.00000e+00
8.64968e+09, 0.00000e+00, 0.00000e+00, 0.00000e+00, 0.00000e+00, 0.00000e+00, 0.00000e+00
8.93305e+09, 0.00000e+00, 0.00000e+00, 0.00000e+00, 0.00000e+00, 0.00000e+00, 0.00000e+00
9.22571e+09, 0.00000e+00, 0.00000e+00, 0.00000e+00, 0.00000e+00, 0.00000e+00, 0.00000e+00
9.52796e+09, 0.00000e+00, 0.00000e+00, 0.00000e+00, 0.00000e+00, 0.00000e+00, 0.00000e+00
9.84011e+09, 0.00000e+00, 0.00000e+00, 0.00000e+00, 0.00000e+00, 0.00000e+00, 0.00000e+00
