# Rodrigues et al., HL BL Lacs (cosmogenic), Phys. Rev. Lett. 126, 191101 (2021)
# Energy [GeV], E**2 Flux [GeV cm^-2] (nue anue numu anumu nutau anutau)
1.01625e+03, 0.00000e+00, 0.00000e+00, 0.00000e+00, 0.00000e+00, 0.00000e+00, 0.00000e+00
1.04954e+03, 0.00000e+00, 0.00000e+00, 0.00000e+00, 0.00000e+00, 0.00000e+00, 0.00000e+00
1.08393e+03, 0.00000e+00, 0.00000e+00, 0.00000e+00, 0.00000e+00, 0.00000e+00, 0.00000e+00
1.11944e+03, 0.00000e+00, 0.00000e+00, 0.00000e+00, 0.00000e+00, 0.00000e+00, 0.00000e+00
1.15611e+03, 0.00000e+00, 0.00000e+00, 0.00000e+00, 0.00000e+00, 0.00000e+00, 0.00000e+00
1.19399e+03, 0.00000e+00, 0.00000e+00, 0.00000e+00, 0.00000e+00, 0.00000e+00, 0.00000e+00
1.23310e+03, 0.00000e+00, 0.00000e+00, 0.00000e+00, 0.00000e+00, 0.00000e+00, 0.00000e+00
1.27350e+03, 0.00000e+00, 0.00000e+00, 0.00000e+00, 0.00000e+00, 0.00000e+00, 0.00000e+00
1.31522e+03, 0.00000e+00, 0.00000e+00, 0.00000e+00, 0.00000e+00, 0.00000e+00, 0.00000e+00
1.35831e+03, 0.00000e+00, 0.00000e+00, 0.00000e+00, 0.00000e+00, 0.00000e+00, 0.00000e+00
1.40281e+03, 0.00000e+00, 0.00000e+00, 0.00000e+00, 0.00000e+00, 0.00000e+00, 0.00000e+00
1.44877e+03, 0.00000e+00, 0.00000e+00, 0.00000e+00, 0.00000e+00, 0.00000e+00, 0.00000e+00
1.49624e+03, 0.00000e+00, 0.00000e+00, 0.00000e+00, 0.00000e+00, 0.00000e+00, 0.00000e+00
1.54525e+03, 0.00000e+00, 0.00000e+00, 0.00000e+00, 0.00000e+00, 0.00000e+00, 0.00000e+00
1.59588e+03, 0.00000e+00, 0.00000e+00, 0.00000e+00, 0.00000e+00, 0.00000e+00, 0.00000e+00
1.64816e+03, 0.00000e+00, 0.00000e+00, 0.00000e+00, 0.00000e+00, 0.00000e+00, 0.00000e+00
1.70216e+03, 0.00000e+00, 0.00000e+00, 0.00000e+00, 0.00000e+00, 0.00000e+00, 0.00000e+00
1.75792e+03, 0.00000e+00, 0.00000e+00, 0.00000e+00, 0.00000e+00, 0.00000e+00, 0.00000e+00
1.81552e+03, 0.00000e+00, 0.00000e+00, 0.00000e+00, 0.00000e+00, 0.00000e+00, 0.00000e+00
1.87499e+03, 0.00000e+00, 0.00000e+00, 0.00000e+00, 0.00000e+00, 0.00000e+00, 0.00000e+00
1.93642e+03, 0.00000e+00, 0.00000e+00, 0.00000e+00, 0.00000e+00, 0.00000e+00, 0.00000e+00
1.99986e+03, 0.00000e+00, 0.00000e+00, 0.00000e+00, 0.00000e+00, 0.00000e+00, 0.00000e+00
2.06538e+03, 0.00000e+00, 0.00000e+00, 0.00000e+00, 0.00000e+00, 0.00000e+00, 0.00000e+00
2.13304e+03, 0.00000e+00, 0.00000e+00, 0.00000e+00, 0.00000e+00, 0.00000e+00, 0.00000e+00
2.20293e+03, 0.00000e+00, 0.00000e+00, 0.00000e+00, 0.00000e+00, 0.00000e+00, 0.00000e+00
2.27510e+03, 0.00000e+00, 0.00000e+00, 0.00000e+00, 0.00000e+00, 0.00000e+00, 0.00000e+00
2.34963e+03, 0.00000e+00, 0.00000e+00, 0.00000e+00, 0.00000e+00, 0.00000e+00, 0.00000e+00
2.42661e+03, 0.00000e+00, 0.00000e+00, 0.00000e+00, 0.00000e+00, 0.00000e+00, 0.00000e+00
2.50611e+03, 0.00000e+00, 0.00000e+00, 0.00000e+00, 0.00000e+00, 0.00000e+00, 0.00000e+00
2.58821e+03, 0.00000e+00, 0.00000e+00, 0.00000e+00, 0.00000e+00, 0.00000e+00, 0.00000e+00
2.67301e+03, 0.00000e+00, 0.00000e+00, 0.00000e+00, 0.00000e+00, 0.00000e+00, 0.00000e+00
2.76058e+03, 0.00000e+00, 0.00000e+00, 0.00000e+00, 0.00000e+00, 0.00000e+00, 0.00000e+00
2.85102e+03, 0.00000e+00, 0.00000e+00, 0.00000e+00, 0.00000e+00, 0.00000e+00, 0.00000e+00
2.94442e+03, 0.00000e+00, 0.00000e+00, 0.00000e+00, 0.00000e+00, 0.00000e+00, 0.00000e+00
3.04089e+03, 0.00000e+00, 0.00000e+00, 0.00000e+00, 0.00000e+00, 0.00000e+00, 0.00000e+00
3.14051e+03, 0.00000e+00, 0.00000e+00, 0.00000e+00, 0.00000e+00, 0.00000e+00, 0.00000e+00
3.24340e+03, 0.00000e+00, 0.00000e+00, 0.00000e+00, 0.00000e+00, 0.00000e+00, 0.00000e+00
3.34965e+03, 0.00000e+00, 0.00000e+00, 0.00000e+00, 0.00000e+00, 0.00000e+00, 0.00000e+00
3.45939e+03, 0.00000e+00, 0.00000e+00, 0.00000e+00, 0.00000e+00, 0.00000e+00, 0.00000e+00
3.57273e+03, 0.00000e+00, 0.00000e+00, 0.00000e+00, 0.00000e+00, 0.00000e+00, 0.00000e+00
3.68978e+03, 0.00000e+00, 0.00000e+00, 0.00000e+00, 0.00000e+00, 0.00000e+00, 0.00000e+00
3.81066e+03, 0.00000e+00, 0.00000e+00, 0.00000e+00, 0.00000e+00, 0.00000e+00, 0.00000e+00
3.93550e+03, 0.00000e+00, 0.00000e+00, 0.00000e+00, 0.00000e+00, 0.00000e+00, 0.00000e+00
4.06443e+03, 0.00000e+00, 0.00000e+00, 0.00000e+00, 0.00000e+00, 0.00000e+00, 0.00000e+00
4.19759e+03, 0.00000e+00, 0.00000e+00, 0.00000e+00, 0.00000e+00, 0.00000e+00, 0.00000e+00
4.33511e+03, 0.00000e+00, 0.00000e+00, 0.00000e+00, 0.00000e+00, 0.00000e+00, 0.00000e+00
4.47713e+03, 0.00000e+00, 0.00000e+00, 0.00000e+00, 0.00000e+00, 0.00000e+00, 0.00000e+00
4.62381e+03, 0.00000e+00, 0.00000e+00, 0.00000e+00, 0.00000e+00, 0.00000e+00, 0.00000e+00
4.77529e+03, 0.00000e+00, 0.00000e+00, 0.00000e+00, 0.00000e+00, 0.00000e+00, 0.00000e+00
4.93174e+03, 0.00000e+00, 0.00000e+00, 0.00000e+00, 0.00000e+00, 0.00000e+00, 0.00000e+00
5.09331e+03, 0.00000e+00, 0.00000e+00, 0.00000e+00, 0.00000e+00, 0.00000e+00, 0.00000e+00
5.26017e+03, 0.00000e+00, 0.00000e+00, 0.00000e+00, 0.00000e+00, 0.00000e+00, 0.00000e+00
5.43250e+03, 0.00000e+00, 0.00000e+00, 0.00000e+00, 0.00000e+00, 0.00000e+00, 0.00000e+00
5.61048e+03, 0.00000e+00, 0.00000e+00, 0.00000e+00, 0.00000e+00, 0.00000e+00, 0.00000e+00
5.79429e+03, 0.00000e+00, 0.00000e+00, 0.00000e+00, 0.00000e+00, 0.00000e+00, 0.00000e+00
5.98412e+03, 0.00000e+00, 0.00000e+00, 0.00000e+00, 0.00000e+00, 0.00000e+00, 0.00000e+00
6.18016e+03, 0.00000e+00, 0.00000e+00, 0.00000e+00, 0.00000e+00, 0.00000e+00, 0.00000e+00
6.38263e+03, 0.00000e+00, 0.00000e+00, 0.00000e+00, 0.00000e+00, 0.00000e+00, 0.00000e+00
6.59174e+03, 0.00000e+00, 0.00000e+00, 0.00000e+00, 0.00000e+00, 0.00000e+00, 0.00000e+00
6.80769e+03, 0.00000e+00, 0.00000e+00, 0.00000e+00, 0.00000e+00, 0.00000e+00, 0.00000e+00
7.03072e+03, 0.00000e+00, 0.00000e+00, 0.00000e+00, 0.00000e+00, 0.00000e+00, 0.00000e+00
7.26106e+03, 0.00000e+00, 0.00000e+00, 0.00000e+00, 0.00000e+00, 0.00000e+00, 0.00000e+00
7.49894e+03, 0.00000e+00, 0.00000e+00, 0.00000e+00, 0.00000e+00, 0.00000e+00, 0.00000e+00
7.74462e+03, 0.00000e+00, 0.00000e+00, 0.00000e+00, 0.00000e+00, 0.00000e+00, 0.00000e+00
7.99834e+03, 0.00000e+00, 0.00000e+00, 0.00000e+00, 0.00000e+00, 0.00000e+00, 0.00000e+00
8.26038e+03, 0.00000e+00, 0.00000e+00, 0.00000e+00, 0.00000e+00, 0.00000e+00, 0.00000e+00
8.53100e+03, 0.00000e+00, 0.00000e+00, 0.00000e+00, 0.00000e+00, 0.00000e+00, 0.00000e+00
8.81049e+03, 0.00000e+00, 0.00000e+00, 0.00000e+00, 0.00000e+00, 0.00000e+00, 0.00000e+00
9.09913e+03, 0.00000e+00, 0.00000e+00, 0.00000e+00, 0.00000e+00, 0.00000e+00, 0.00000e+00
9.39723e+03, 0.00000e+00, 0.00000e+00, 0.00000e+00, 0.00000e+00, 0.00000e+00, 0.00000e+00
9.70510e+03, 0.00000e+00, 0.00000e+00, 0.00000e+00, 0.00000e+00, 0.00000e+00, 0.00000e+00
1.00231e+04, 0.00000e+00, 0.00000e+00, 0.00000e+00, 0.00000e+00, 0.00000e+00, 0.00000e+00
1.03514e+04, 0.00000e+00, 0.00000e+00, 0.00000e+00, 0.00000e+00, 0.00000e+00, 0.00000e+00
1.06905e+04, 0.00000e+00, 0.00000e+00, 0.00000e+00, 0.00000e+00, 0.00000e+00, 0.00000e+00
1.10408e+04, 0.00000e+00, 0.00000e+00, 0.00000e+00, 0.00000e+00, 0.00000e+00, 0.00000e+00
1.14025e+04, 0.00000e+00, 0.00000e+00, 0.00000e+00, 0.00000e+00, 0.00000e+00, 0.00000e+00
1.17761e+04, 0.00000e+00, 0.00000e+00, 0.00000e+00, 0.00000e+00, 0.00000e+00, 0.00000e+00
1.21619e+04, 0.00000e+00, 0.00000e+00, 0.00000e+00, 0.00000e+00, 0.00000e+00, 0.00000e+00
1.25603e+04, 0.00000e+00, 0.00000e+00, 0.00000e+00, 0.00000e+00, 0.00000e+00, 0.00000e+00
1.29718e+04, 0.00000e+00, 0.00000e+00, 0.00000e+00, 0.00000e+00, 0.00000e+00, 0.00000e+00
1.33968e+04, 0.00000e+00, 0.00000e+00, 0.00000e+00, 0.00000e+00, 0.00000e+00, 0.00000e+00
1.38357e+04, 0.00000e+00, 0.00000e+00, 0.00000e+00, 0.00000e+00, 0.00000e+00, 0.00000e+00
1.42889e+04, 0.00000e+00, 0.00000e+00, 0.00000e+00, 0.00000e+00, 0.00000e+00, 0.00000e+00
1.47571e+04, 0.00000e+00, 0.00000e+00, 0.00000e+00, 0.00000e+00, 0.00000e+00, 0.00000e+00
1.52405e+04, 0.00000e+00, 0.00000e+00, 0.00000e+00, 0.00000e+00, 0.00000e+00, 0.00000e+00
1.57398e+04, 0.00000e+00, 0.00000e+00, 0.00000e+00, 0.00000e+00, 0.00000e+00, 0.00000e+00
1.62555e+04, 0.00000e+00, 0.00000e+00, 0.00000e+00, 0.00000e+00, 0.00000e+00, 0.00000e+00
1.67880e+04, 0.00000e+00, 0.00000e+00, 0.00000e+00, 0.00000e+00, 0.00000e+00, 0.00000e+00
1.73380e+04, 0.00000e+00, 0.00000e+00, 0.00000e+00, 0.00000e+00, 0.00000e+00, 0.00000e+00
1.79061e+04, 0.00000e+00, 0.00000e+00, 0.00000e+00, 0.00000e+00, 0.00000e+00, 0.00000e+00
1.84927e+04, 0.00000e+00, 0.00000e+00, 0.00000e+00, 0.00000e+00, 0.00000e+00, 0.00000e+00
1.90985e+04, 0.00000e+00, 0.00000e+00, 0.00000e+00, 0.00000e+00, 0.00000e+00, 0.00000e+00
1.97242e+04, 0.00000e+00, 0.00000e+00, 0.00000e+00, 0.00000e+00, 0.00000e+00, 0.00000e+00
2.03704e+04, 0.00000e+00, 0.00000e+00, 0.00000e+00, 0.00000e+00, 0.00000e+00, 0.00000e+00
2.10378e+04, 0.00000e+00, 0.00000e+00, 0.00000e+00, 0.00000e+00, 0.00000e+00, 0.00000e+00
2.17270e+04, 0.00000e+00, 0.00000e+00, 0.00000e+00, 0.00000e+00, 0.00000e+00, 0.00000e+00
2.24388e+04, 3.29340e-17, 0.00000e+00, 1.35069e-17, 0.00000e+00, 1.32397e-17, 0.00000e+00
2.31739e+04, 6.73651e-17, 0.00000e+00, 2.76278e-17, 0.00000e+00, 2.70812e-17, 0.00000e+00
2.39332e+04, 1.02962e-16, 0.00000e+00, 4.22267e-17, 0.00000e+00, 4.13912e-17, 0.00000e+00
2.47172e+04, 1.39766e-16, 0.00000e+00, 5.73210e-17, 0.00000e+00, 5.61868e-17, 0.00000e+00
2.55270e+04, 1.77829e-16, 0.00000e+00, 7.29409e-17, 0.00000e+00, 7.14975e-17, 0.00000e+00
2.63633e+04, 2.20046e-16, 1.25383e-18, 9.40806e-17, 2.18976e-18, 9.21048e-17, 2.09648e-18
2.72270e+04, 2.63748e-16, 4.19631e-18, 1.16015e-16, 7.32869e-18, 1.13486e-16, 7.01649e-18
2.81190e+04, 3.08992e-16, 7.28036e-18, 1.38779e-16, 1.27149e-17, 1.35674e-16, 1.21732e-17
2.90402e+04, 3.55840e-16, 1.05140e-17, 1.62409e-16, 1.83623e-17, 1.58705e-16, 1.75801e-17
2.99916e+04, 4.04356e-16, 1.39058e-17, 1.86943e-16, 2.42859e-17, 1.82614e-16, 2.32513e-17
3.09742e+04, 4.54606e-16, 1.74648e-17, 2.12420e-16, 3.05017e-17, 2.07443e-16, 2.92023e-17
3.19890e+04, 5.06660e-16, 2.12009e-17, 2.38884e-16, 3.70265e-17, 2.33231e-16, 3.54492e-17
3.30370e+04, 5.60593e-16, 2.51243e-17, 2.66380e-16, 4.38787e-17, 2.60022e-16, 4.20095e-17
3.41193e+04, 6.16482e-16, 2.14082e-15, 2.94955e-16, 9.17076e-16, 2.87863e-16, 8.97766e-16
3.52371e+04, 6.74409e-16, 4.52037e-15, 3.24659e-16, 1.89877e-15, 3.16802e-16, 1.85986e-15
3.63915e+04, 7.34460e-16, 6.95221e-15, 3.55545e-16, 2.90220e-15, 3.46891e-16, 2.84326e-15
3.75837e+04, 7.96726e-16, 9.43709e-15, 3.87670e-16, 3.92770e-15, 3.78184e-16, 3.84828e-15
3.88150e+04, 8.61303e-16, 1.19758e-14, 4.21094e-16, 4.97561e-15, 4.10739e-16, 4.87526e-15
4.00867e+04, 9.28292e-16, 1.45691e-14, 4.55879e-16, 6.04629e-15, 4.44618e-16, 5.92454e-15
4.14000e+04, 9.97800e-16, 1.72180e-14, 4.92093e-16, 7.14012e-15, 4.79886e-16, 6.99650e-15
4.27563e+04, 1.06994e-15, 1.99233e-14, 5.29807e-16, 8.25751e-15, 5.16611e-16, 8.09155e-15
4.41570e+04, 1.14483e-15, 2.26862e-14, 5.69098e-16, 9.39891e-15, 5.54869e-16, 9.21012e-15
4.56037e+04, 1.22261e-15, 2.55077e-14, 6.10046e-16, 1.05648e-14, 5.94737e-16, 1.03527e-14
4.70977e+04, 1.30339e-15, 2.83891e-14, 6.52737e-16, 1.17558e-14, 6.36299e-16, 1.15198e-14
4.86407e+04, 1.38733e-15, 3.13318e-14, 6.97264e-16, 1.29724e-14, 6.79643e-16, 1.27121e-14
5.02343e+04, 1.47459e-15, 3.43374e-14, 7.43723e-16, 1.42154e-14, 7.24865e-16, 1.39302e-14
5.18800e+04, 1.56531e-15, 3.74077e-14, 7.92220e-16, 1.54855e-14, 7.72065e-16, 1.51748e-14
5.35797e+04, 1.65968e-15, 4.05447e-14, 8.42865e-16, 1.67835e-14, 8.21353e-16, 1.64468e-14
5.53350e+04, 1.75788e-15, 4.37506e-14, 8.95779e-16, 1.81105e-14, 8.72843e-16, 1.77472e-14
5.71479e+04, 1.86010e-15, 4.70281e-14, 9.51089e-16, 1.94676e-14, 9.26659e-16, 1.90770e-14
5.90201e+04, 1.96655e-15, 5.03803e-14, 1.00893e-15, 2.08560e-14, 9.82934e-16, 2.04376e-14
6.09537e+04, 2.07746e-15, 5.38104e-14, 1.06945e-15, 2.22772e-14, 1.04181e-15, 2.18302e-14
6.29506e+04, 2.19307e-15, 5.73225e-14, 1.13281e-15, 2.37329e-14, 1.10344e-15, 2.32567e-14
6.50130e+04, 2.31363e-15, 6.09210e-14, 1.19917e-15, 2.52250e-14, 1.16799e-15, 2.47188e-14
6.71429e+04, 2.43943e-15, 6.46111e-14, 1.26872e-15, 2.67556e-14, 1.23562e-15, 2.62186e-14
6.93426e+04, 2.57074e-15, 6.83987e-14, 1.34165e-15, 2.83273e-14, 1.30654e-15, 2.77586e-14
7.16143e+04, 2.70790e-15, 7.22905e-14, 1.41817e-15, 2.99429e-14, 1.38094e-15, 2.93417e-14
7.39605e+04, 2.85124e-15, 7.62944e-14, 1.49851e-15, 3.16056e-14, 1.45904e-15, 3.09709e-14
7.63836e+04, 3.00113e-15, 8.04191e-14, 1.58290e-15, 3.33193e-14, 1.54108e-15, 3.26499e-14
7.88860e+04, 3.15796e-15, 8.46749e-14, 1.67161e-15, 3.50880e-14, 1.62731e-15, 3.43830e-14
8.14704e+04, 3.32216e-15, 8.90733e-14, 1.76492e-15, 3.69167e-14, 1.71800e-15, 3.61748e-14
8.41395e+04, 3.49420e-15, 9.36274e-14, 1.86314e-15, 3.88110e-14, 1.81346e-15, 3.80308e-14
8.68960e+04, 3.67456e-15, 9.83524e-14, 1.96660e-15, 4.07770e-14, 1.91398e-15, 3.99571e-14
8.97429e+04, 3.86378e-15, 1.03265e-13, 2.07564e-15, 4.28221e-14, 2.01993e-15, 4.19608e-14
9.26830e+04, 4.06244e-15, 1.08386e-13, 2.19066e-15, 4.49542e-14, 2.13168e-15, 4.40497e-14
9.57194e+04, 4.27118e-15, 1.13736e-13, 2.31207e-15, 4.71826e-14, 2.24961e-15, 4.62331e-14
9.88553e+04, 4.49066e-15, 1.19341e-13, 2.44032e-15, 4.95179e-14, 2.37419e-15, 4.85210e-14
1.02094e+05, 4.72162e-15, 1.25229e-13, 2.57589e-15, 5.19718e-14, 2.50586e-15, 5.09252e-14
1.05439e+05, 4.96487e-15, 1.31432e-13, 2.71933e-15, 5.45578e-14, 2.64516e-15, 5.34588e-14
1.08893e+05, 5.22096e-15, 1.37958e-13, 2.87103e-15, 5.72789e-14, 2.79246e-15, 5.61248e-14
1.12460e+05, 5.48967e-15, 1.44738e-13, 3.03100e-15, 6.01070e-14, 2.94779e-15, 5.88955e-14
1.16145e+05, 5.77068e-15, 1.51690e-13, 3.19922e-15, 6.30089e-14, 3.11110e-15, 6.17385e-14
1.19950e+05, 6.06435e-15, 1.58797e-13, 3.37600e-15, 6.59775e-14, 3.28270e-15, 6.46467e-14
1.23880e+05, 6.37133e-15, 1.66066e-13, 3.56183e-15, 6.90158e-14, 3.46307e-15, 6.76232e-14
1.27938e+05, 6.69285e-15, 1.73555e-13, 3.75752e-15, 7.21481e-14, 3.65298e-15, 7.06917e-14
1.32130e+05, 7.03062e-15, 1.81362e-13, 3.96414e-15, 7.54149e-14, 3.85349e-15, 7.38919e-14
1.36458e+05, 7.38608e-15, 1.89557e-13, 4.18264e-15, 7.88455e-14, 4.06550e-15, 7.72526e-14
1.40929e+05, 7.76022e-15, 1.98169e-13, 4.41377e-15, 8.24515e-14, 4.28973e-15, 8.07850e-14
1.45546e+05, 8.15370e-15, 2.07183e-13, 4.65806e-15, 8.62276e-14, 4.52672e-15, 8.44840e-14
1.50314e+05, 8.56622e-15, 2.16491e-13, 4.91559e-15, 9.01292e-14, 4.77652e-15, 8.83059e-14
1.55239e+05, 8.99744e-15, 2.25975e-13, 5.18640e-15, 9.41084e-14, 5.03917e-15, 9.22037e-14
1.60325e+05, 9.44803e-15, 2.35614e-13, 5.47109e-15, 9.81571e-14, 5.31525e-15, 9.61694e-14
1.65577e+05, 9.91904e-15, 2.45426e-13, 5.77047e-15, 1.02282e-13, 5.60554e-15, 1.00210e-13
1.71002e+05, 1.04123e-14, 2.55495e-13, 6.08585e-15, 1.06520e-13, 5.91131e-15, 1.04360e-13
1.76604e+05, 1.09304e-14, 2.65958e-13, 6.41885e-15, 1.10925e-13, 6.23412e-15, 1.08676e-13
1.82390e+05, 1.14752e-14, 2.76903e-13, 6.77090e-15, 1.15537e-13, 6.57537e-15, 1.13192e-13
1.88365e+05, 1.20482e-14, 2.88358e-13, 7.14317e-15, 1.20365e-13, 6.93618e-15, 1.17921e-13
1.94536e+05, 1.26503e-14, 3.00296e-13, 7.53654e-15, 1.25401e-13, 7.31740e-15, 1.22853e-13
2.00909e+05, 1.32815e-14, 3.12568e-13, 7.95125e-15, 1.30582e-13, 7.71926e-15, 1.27927e-13
2.07491e+05, 1.39418e-14, 3.25026e-13, 8.38758e-15, 1.35849e-13, 8.14203e-15, 1.33085e-13
2.14289e+05, 1.46323e-14, 3.37657e-13, 8.84662e-15, 1.41196e-13, 8.58674e-15, 1.38322e-13
2.21309e+05, 1.53548e-14, 3.50491e-13, 9.32974e-15, 1.46638e-13, 9.05474e-15, 1.43650e-13
2.28560e+05, 1.61119e-14, 3.63641e-13, 9.83897e-15, 1.52219e-13, 9.54796e-15, 1.49116e-13
2.36048e+05, 1.69070e-14, 3.77269e-13, 1.03767e-14, 1.58010e-13, 1.00687e-14, 1.54786e-13
2.43781e+05, 1.77426e-14, 3.91474e-13, 1.09451e-14, 1.64050e-13, 1.06192e-14, 1.60700e-13
2.51768e+05, 1.86209e-14, 4.06281e-13, 1.15460e-14, 1.70351e-13, 1.12010e-14, 1.66870e-13
2.60016e+05, 1.95435e-14, 4.21650e-13, 1.21809e-14, 1.76898e-13, 1.18157e-14, 1.73280e-13
2.68534e+05, 2.05111e-14, 4.37417e-13, 1.28504e-14, 1.83623e-13, 1.24638e-14, 1.79864e-13
2.77332e+05, 2.15248e-14, 4.53428e-13, 1.35554e-14, 1.90464e-13, 1.31462e-14, 1.86561e-13
2.86418e+05, 2.25867e-14, 4.69684e-13, 1.42977e-14, 1.97422e-13, 1.38647e-14, 1.93373e-13
2.95801e+05, 2.36994e-14, 4.86233e-13, 1.50796e-14, 2.04517e-13, 1.46215e-14, 2.00319e-13
3.05492e+05, 2.48667e-14, 5.03199e-13, 1.59043e-14, 2.11803e-13, 1.54195e-14, 2.07451e-13
3.15500e+05, 2.60925e-14, 5.20752e-13, 1.67753e-14, 2.19351e-13, 1.62623e-14, 2.14839e-13
3.25837e+05, 2.73805e-14, 5.38986e-13, 1.76958e-14, 2.27200e-13, 1.71529e-14, 2.22522e-13
3.36512e+05, 2.87337e-14, 5.57927e-13, 1.86688e-14, 2.35364e-13, 1.80942e-14, 2.30512e-13
3.47536e+05, 3.01551e-14, 5.77529e-13, 1.96968e-14, 2.43825e-13, 1.90886e-14, 2.38793e-13
3.58922e+05, 3.16471e-14, 5.97631e-13, 2.07811e-14, 2.52516e-13, 2.01373e-14, 2.47299e-13
3.70681e+05, 3.32127e-14, 6.18096e-13, 2.19234e-14, 2.61382e-13, 2.12421e-14, 2.55975e-13
3.82825e+05, 3.48554e-14, 6.38941e-13, 2.31269e-14, 2.70431e-13, 2.24060e-14, 2.64830e-13
3.95367e+05, 3.65795e-14, 6.60229e-13, 2.43954e-14, 2.79692e-13, 2.36327e-14, 2.73892e-13
4.08319e+05, 3.83895e-14, 6.82083e-13, 2.57337e-14, 2.89217e-13, 2.49267e-14, 2.83212e-13
4.21697e+05, 4.02910e-14, 7.04663e-13, 2.71471e-14, 2.99075e-13, 2.62932e-14, 2.92858e-13
4.35512e+05, 4.22887e-14, 7.28058e-13, 2.86407e-14, 3.09306e-13, 2.77372e-14, 3.02867e-13
4.49780e+05, 4.43874e-14, 7.52307e-13, 3.02195e-14, 3.19928e-13, 2.92634e-14, 3.13259e-13
4.64515e+05, 4.65923e-14, 7.77356e-13, 3.18874e-14, 3.30922e-13, 3.08755e-14, 3.24013e-13
4.79733e+05, 4.89086e-14, 8.03024e-13, 3.36463e-14, 3.42211e-13, 3.25755e-14, 3.35056e-13
4.95450e+05, 5.13418e-14, 8.29167e-13, 3.54991e-14, 3.53737e-13, 3.43661e-14, 3.46331e-13
5.11682e+05, 5.38978e-14, 8.55822e-13, 3.74511e-14, 3.65520e-13, 3.62525e-14, 3.57854e-13
5.28445e+05, 5.65828e-14, 8.83072e-13, 3.95084e-14, 3.77595e-13, 3.82407e-14, 3.69664e-13
5.45758e+05, 5.94036e-14, 9.11053e-13, 4.16788e-14, 3.90023e-13, 4.03379e-14, 3.81818e-13
5.63638e+05, 6.23674e-14, 9.39929e-13, 4.39707e-14, 4.02878e-13, 4.25524e-14, 3.94388e-13
5.82103e+05, 6.54818e-14, 9.69799e-13, 4.63924e-14, 4.16203e-13, 4.48920e-14, 4.07418e-13
6.01174e+05, 6.87544e-14, 1.00072e-12, 4.89522e-14, 4.30026e-13, 4.73648e-14, 4.20933e-13
6.20869e+05, 7.21933e-14, 1.03261e-12, 5.16555e-14, 4.44319e-13, 4.99761e-14, 4.34907e-13
6.41210e+05, 7.58069e-14, 1.06523e-12, 5.45042e-14, 4.58983e-13, 5.27277e-14, 4.49243e-13
6.62217e+05, 7.96038e-14, 1.09843e-12, 5.75018e-14, 4.73949e-13, 5.56231e-14, 4.63872e-13
6.83912e+05, 8.35932e-14, 1.13225e-12, 6.06571e-14, 4.89246e-13, 5.86707e-14, 4.78824e-13
7.06318e+05, 8.77849e-14, 1.16682e-12, 6.39806e-14, 5.04928e-13, 6.18805e-14, 4.94151e-13
7.29458e+05, 9.21893e-14, 1.20231e-12, 6.74846e-14, 5.21070e-13, 6.52646e-14, 5.09926e-13
7.53356e+05, 9.68174e-14, 1.23889e-12, 7.11833e-14, 5.37760e-13, 6.88364e-14, 5.26236e-13
7.78037e+05, 1.01682e-13, 1.27668e-12, 7.50904e-14, 5.55051e-13, 7.26092e-14, 5.43131e-13
8.03526e+05, 1.06795e-13, 1.31575e-12, 7.92201e-14, 5.72975e-13, 7.65966e-14, 5.60643e-13
8.29851e+05, 1.12169e-13, 1.35599e-12, 8.35787e-14, 5.91494e-13, 8.08047e-14, 5.78736e-13
8.57038e+05, 1.17811e-13, 1.39713e-12, 8.81632e-14, 6.10492e-13, 8.52308e-14, 5.97295e-13
8.85116e+05, 1.23732e-13, 1.43900e-12, 9.29757e-14, 6.29894e-13, 8.98770e-14, 6.16246e-13
9.14113e+05, 1.29945e-13, 1.48169e-12, 9.80310e-14, 6.49745e-13, 9.47575e-14, 6.35635e-13
9.44061e+05, 1.36467e-13, 1.52534e-12, 1.03347e-13, 6.70117e-13, 9.98895e-14, 6.55530e-13
9.74990e+05, 1.43317e-13, 1.57014e-12, 1.08945e-13, 6.91098e-13, 1.05294e-13, 6.76018e-13
1.00693e+06, 1.50513e-13, 1.61630e-12, 1.14849e-13, 7.12788e-13, 1.10993e-13, 6.97196e-13
1.03992e+06, 1.58078e-13, 1.66393e-12, 1.21083e-13, 7.35248e-13, 1.17010e-13, 7.19125e-13
1.07399e+06, 1.66034e-13, 1.71310e-12, 1.27672e-13, 7.58520e-13, 1.23369e-13, 7.41844e-13
1.10917e+06, 1.74392e-13, 1.76370e-12, 1.34616e-13, 7.82555e-13, 1.30072e-13, 7.65306e-13
1.14551e+06, 1.83146e-13, 1.81544e-12, 1.41898e-13, 8.07221e-13, 1.37099e-13, 7.89381e-13
1.18304e+06, 1.92300e-13, 1.86815e-12, 1.49510e-13, 8.32444e-13, 1.44446e-13, 8.13998e-13
1.22180e+06, 2.01881e-13, 1.92196e-12, 1.57479e-13, 8.58289e-13, 1.52136e-13, 8.39218e-13
1.26183e+06, 2.11917e-13, 1.97704e-12, 1.65837e-13, 8.84843e-13, 1.60202e-13, 8.65129e-13
1.30317e+06, 2.22443e-13, 2.03358e-12, 1.74621e-13, 9.12209e-13, 1.68679e-13, 8.91829e-13
1.34586e+06, 2.33494e-13, 2.09180e-12, 1.83873e-13, 9.40498e-13, 1.77608e-13, 9.19426e-13
1.38995e+06, 2.45110e-13, 2.15183e-12, 1.93636e-13, 9.69786e-13, 1.87028e-13, 9.47996e-13
1.43549e+06, 2.57330e-13, 2.21375e-12, 2.03947e-13, 1.00013e-12, 1.96978e-13, 9.77594e-13
1.48252e+06, 2.70151e-13, 2.27743e-12, 2.14794e-13, 1.03147e-12, 2.07444e-13, 1.00815e-12
1.53109e+06, 2.83526e-13, 2.34249e-12, 2.26115e-13, 1.06360e-12, 2.18366e-13, 1.03949e-12
1.58125e+06, 2.97442e-13, 2.40877e-12, 2.37884e-13, 1.09646e-12, 2.29722e-13, 1.07153e-12
1.63305e+06, 3.11947e-13, 2.47643e-12, 2.50150e-13, 1.13012e-12, 2.41557e-13, 1.10435e-12
1.68655e+06, 3.27096e-13, 2.54570e-12, 2.62969e-13, 1.16473e-12, 2.53926e-13, 1.13808e-12
1.74181e+06, 3.42951e-13, 2.61680e-12, 2.76408e-13, 1.20039e-12, 2.66892e-13, 1.17284e-12
1.79887e+06, 3.59577e-13, 2.68995e-12, 2.90539e-13, 1.23724e-12, 2.80525e-13, 1.20877e-12
1.85780e+06, 3.77043e-13, 2.76535e-12, 3.05429e-13, 1.27541e-12, 2.94890e-13, 1.24596e-12
1.91867e+06, 3.95413e-13, 2.84312e-12, 3.21140e-13, 1.31497e-12, 3.10047e-13, 1.28451e-12
1.98153e+06, 4.14642e-13, 2.92301e-12, 3.37620e-13, 1.35578e-12, 3.25944e-13, 1.32428e-12
2.04644e+06, 4.34600e-13, 3.00439e-12, 3.54720e-13, 1.39753e-12, 3.42440e-13, 1.36495e-12
2.11349e+06, 4.55241e-13, 3.08701e-12, 3.72387e-13, 1.44007e-12, 3.59483e-13, 1.40639e-12
2.18273e+06, 4.76652e-13, 3.17116e-12, 3.90704e-13, 1.48356e-12, 3.77154e-13, 1.44875e-12
2.25424e+06, 4.98936e-13, 3.25718e-12, 4.09775e-13, 1.52821e-12, 3.95551e-13, 1.49224e-12
2.32809e+06, 5.22197e-13, 3.34536e-12, 4.29707e-13, 1.57418e-12, 4.14779e-13, 1.53700e-12
2.40436e+06, 5.46551e-13, 3.43603e-12, 4.50618e-13, 1.62167e-12, 4.34950e-13, 1.58325e-12
2.48313e+06, 5.72106e-13, 3.52947e-12, 4.72614e-13, 1.67086e-12, 4.56168e-13, 1.63114e-12
2.56448e+06, 5.98956e-13, 3.62592e-12, 4.95785e-13, 1.72190e-12, 4.78518e-13, 1.68083e-12
2.64850e+06, 6.26976e-13, 3.72477e-12, 5.19999e-13, 1.77445e-12, 5.01873e-13, 1.73198e-12
2.73527e+06, 6.55889e-13, 3.82477e-12, 5.44968e-13, 1.82787e-12, 5.25958e-13, 1.78397e-12
2.82488e+06, 6.85605e-13, 3.92547e-12, 5.70595e-13, 1.88192e-12, 5.50676e-13, 1.83658e-12
2.91743e+06, 7.16280e-13, 4.02744e-12, 5.97029e-13, 1.93691e-12, 5.76174e-13, 1.89008e-12
3.01301e+06, 7.48089e-13, 4.13128e-12, 6.24443e-13, 1.99318e-12, 6.02618e-13, 1.94483e-12
3.11172e+06, 7.81202e-13, 4.23748e-12, 6.53004e-13, 2.05101e-12, 6.30167e-13, 2.00109e-12
3.21366e+06, 8.15797e-13, 4.34654e-12, 6.82891e-13, 2.11071e-12, 6.58995e-13, 2.05916e-12
3.31894e+06, 8.52039e-13, 4.45899e-12, 7.14260e-13, 2.17257e-12, 6.89250e-13, 2.11933e-12
3.42768e+06, 8.90054e-13, 4.57521e-12, 7.47229e-13, 2.23681e-12, 7.21049e-13, 2.18181e-12
3.53997e+06, 9.29581e-13, 4.69379e-12, 7.81537e-13, 2.30273e-12, 7.54139e-13, 2.24590e-12
3.65595e+06, 9.70123e-13, 4.81221e-12, 8.16687e-13, 2.36902e-12, 7.88041e-13, 2.31036e-12
3.77572e+06, 1.01154e-12, 4.92968e-12, 8.52536e-13, 2.43531e-12, 8.22618e-13, 2.37479e-12
3.89942e+06, 1.05410e-12, 5.04737e-12, 8.89337e-13, 2.50219e-12, 8.58115e-13, 2.43980e-12
4.02717e+06, 1.09809e-12, 5.16646e-12, 9.27365e-13, 2.57030e-12, 8.94794e-13, 2.50598e-12
4.15911e+06, 1.14375e-12, 5.28775e-12, 9.66857e-13, 2.64008e-12, 9.32886e-13, 2.57379e-12
4.29536e+06, 1.19134e-12, 5.41211e-12, 1.00807e-12, 2.71203e-12, 9.72632e-13, 2.64369e-12
4.43609e+06, 1.24109e-12, 5.54046e-12, 1.05121e-12, 2.78664e-12, 1.01424e-12, 2.71617e-12
4.58142e+06, 1.29316e-12, 5.67336e-12, 1.09643e-12, 2.86422e-12, 1.05786e-12, 2.79152e-12
4.73151e+06, 1.34709e-12, 5.80791e-12, 1.14328e-12, 2.94334e-12, 1.10304e-12, 2.86836e-12
4.88652e+06, 1.40209e-12, 5.93939e-12, 1.19098e-12, 3.02166e-12, 1.14905e-12, 2.94441e-12
5.04661e+06, 1.45798e-12, 6.06664e-12, 1.23935e-12, 3.09862e-12, 1.19570e-12, 3.01911e-12
5.21195e+06, 1.51520e-12, 6.19200e-12, 1.28880e-12, 3.17539e-12, 1.24340e-12, 3.09361e-12
5.38270e+06, 1.57416e-12, 6.31761e-12, 1.33974e-12, 3.25306e-12, 1.29254e-12, 3.16896e-12
5.55904e+06, 1.63520e-12, 6.44477e-12, 1.39248e-12, 3.33233e-12, 1.34340e-12, 3.24585e-12
5.74116e+06, 1.69867e-12, 6.57489e-12, 1.44735e-12, 3.41396e-12, 1.39633e-12, 3.32502e-12
5.92925e+06, 1.76486e-12, 6.70949e-12, 1.50463e-12, 3.49871e-12, 1.45158e-12, 3.40721e-12
6.12350e+06, 1.83394e-12, 6.84928e-12, 1.56450e-12, 3.58698e-12, 1.50932e-12, 3.49281e-12
6.32412e+06, 1.90522e-12, 6.98895e-12, 1.62624e-12, 3.67620e-12, 1.56888e-12, 3.57932e-12
6.53131e+06, 1.97758e-12, 7.12039e-12, 1.68877e-12, 3.76249e-12, 1.62919e-12, 3.66293e-12
6.74528e+06, 2.05086e-12, 7.24224e-12, 1.75191e-12, 3.84518e-12, 1.69009e-12, 3.74301e-12
6.96627e+06, 2.12568e-12, 7.35886e-12, 1.81625e-12, 3.92638e-12, 1.75216e-12, 3.82161e-12
7.19449e+06, 2.20260e-12, 7.47389e-12, 1.88235e-12, 4.00787e-12, 1.81592e-12, 3.90047e-12
7.43019e+06, 2.28206e-12, 7.58929e-12, 1.95061e-12, 4.09069e-12, 1.88176e-12, 3.98059e-12
7.67361e+06, 2.36448e-12, 7.70720e-12, 2.02142e-12, 4.17591e-12, 1.95007e-12, 4.06303e-12
7.92501e+06, 2.45020e-12, 7.82997e-12, 2.09514e-12, 4.26469e-12, 2.02118e-12, 4.14891e-12
8.18465e+06, 2.53939e-12, 7.95841e-12, 2.17191e-12, 4.35746e-12, 2.09524e-12, 4.23864e-12
8.45279e+06, 2.63113e-12, 8.08357e-12, 2.25080e-12, 4.45002e-12, 2.17133e-12, 4.32814e-12
8.72971e+06, 2.72408e-12, 8.19280e-12, 2.33043e-12, 4.53645e-12, 2.24814e-12, 4.41162e-12
9.01571e+06, 2.81811e-12, 8.28502e-12, 2.41067e-12, 4.61623e-12, 2.32556e-12, 4.48857e-12
9.31108e+06, 2.91406e-12, 8.36777e-12, 2.49233e-12, 4.69289e-12, 2.40435e-12, 4.56244e-12
9.61612e+06, 3.01260e-12, 8.44680e-12, 2.57610e-12, 4.76916e-12, 2.48516e-12, 4.63589e-12
9.93116e+06, 3.11423e-12, 8.52490e-12, 2.66243e-12, 4.84643e-12, 2.56845e-12, 4.71028e-12
1.02565e+07, 3.21941e-12, 8.60506e-12, 2.75176e-12, 4.92617e-12, 2.65464e-12, 4.78705e-12
1.05925e+07, 3.32848e-12, 8.69051e-12, 2.84445e-12, 5.00992e-12, 2.74407e-12, 4.86769e-12
1.09396e+07, 3.44157e-12, 8.78190e-12, 2.94062e-12, 5.09801e-12, 2.83685e-12, 4.95253e-12
1.12980e+07, 3.55776e-12, 8.86613e-12, 3.03924e-12, 5.18446e-12, 2.93199e-12, 5.03572e-12
1.16681e+07, 3.67576e-12, 8.92586e-12, 3.13893e-12, 5.26137e-12, 3.02818e-12, 5.10955e-12
1.20504e+07, 3.79561e-12, 8.96125e-12, 3.23968e-12, 5.32878e-12, 3.12540e-12, 5.17405e-12
1.24451e+07, 3.91815e-12, 8.98383e-12, 3.34238e-12, 5.39194e-12, 3.22451e-12, 5.23435e-12
1.28529e+07, 4.04408e-12, 9.00168e-12, 3.44774e-12, 5.45457e-12, 3.32618e-12, 5.29409e-12
1.32739e+07, 4.17391e-12, 9.01830e-12, 3.55625e-12, 5.51836e-12, 3.43089e-12, 5.35492e-12
1.37088e+07, 4.30804e-12, 9.03734e-12, 3.66830e-12, 5.58505e-12, 3.53903e-12, 5.41854e-12
1.41579e+07, 4.44666e-12, 9.06246e-12, 3.78413e-12, 5.65634e-12, 3.65080e-12, 5.48659e-12
1.46218e+07, 4.58986e-12, 9.09380e-12, 3.90378e-12, 5.73229e-12, 3.76627e-12, 5.55916e-12
1.51008e+07, 4.73731e-12, 9.11558e-12, 4.02671e-12, 5.80597e-12, 3.88491e-12, 5.62945e-12
1.55955e+07, 4.88861e-12, 9.10836e-12, 4.15223e-12, 5.86877e-12, 4.00606e-12, 5.68905e-12
1.61065e+07, 5.04390e-12, 9.07438e-12, 4.28046e-12, 5.92167e-12, 4.12982e-12, 5.73891e-12
1.66341e+07, 5.20363e-12, 9.02821e-12, 4.41195e-12, 5.97111e-12, 4.25674e-12, 5.78533e-12
1.71791e+07, 5.36823e-12, 8.97914e-12, 4.54720e-12, 6.02123e-12, 4.38729e-12, 5.83237e-12
1.77419e+07, 5.53812e-12, 8.93077e-12, 4.68662e-12, 6.07378e-12, 4.52188e-12, 5.88172e-12
1.83231e+07, 5.71348e-12, 8.88664e-12, 4.83043e-12, 6.13036e-12, 4.66070e-12, 5.93496e-12
1.89234e+07, 5.89408e-12, 8.84999e-12, 4.97845e-12, 6.19237e-12, 4.80359e-12, 5.99344e-12
1.95434e+07, 6.08000e-12, 8.82023e-12, 5.13075e-12, 6.25958e-12, 4.95060e-12, 6.05695e-12
2.01837e+07, 6.27283e-12, 8.78263e-12, 5.28840e-12, 6.32600e-12, 5.10279e-12, 6.11961e-12
2.08449e+07, 6.47442e-12, 8.72022e-12, 5.45268e-12, 6.38472e-12, 5.26139e-12, 6.17466e-12
2.15278e+07, 6.68482e-12, 8.63693e-12, 5.62365e-12, 6.43744e-12, 5.42645e-12, 6.22375e-12
2.22331e+07, 6.90320e-12, 8.54709e-12, 5.80073e-12, 6.49010e-12, 5.59742e-12, 6.27270e-12
2.29615e+07, 7.12927e-12, 8.45899e-12, 5.98377e-12, 6.54625e-12, 5.77415e-12, 6.32499e-12
2.37137e+07, 7.36323e-12, 8.37548e-12, 6.17299e-12, 6.60722e-12, 5.95684e-12, 6.38191e-12
2.44906e+07, 7.60482e-12, 8.29900e-12, 6.36816e-12, 6.67405e-12, 6.14529e-12, 6.44449e-12
2.52930e+07, 7.85299e-12, 8.23139e-12, 6.56840e-12, 6.74723e-12, 6.33862e-12, 6.51322e-12
2.61216e+07, 8.10813e-12, 8.17171e-12, 6.77398e-12, 6.82649e-12, 6.53713e-12, 6.58781e-12
2.69774e+07, 8.37557e-12, 8.11057e-12, 6.98933e-12, 6.90931e-12, 6.74507e-12, 6.66578e-12
2.78612e+07, 8.66119e-12, 8.03797e-12, 7.21935e-12, 6.99309e-12, 6.96717e-12, 6.74451e-12
2.87740e+07, 8.96443e-12, 7.95760e-12, 7.46352e-12, 7.07921e-12, 7.20294e-12, 6.82538e-12
2.97167e+07, 9.28205e-12, 7.87904e-12, 7.71907e-12, 7.17080e-12, 7.44970e-12, 6.91147e-12
3.06902e+07, 9.61258e-12, 7.80738e-12, 7.98474e-12, 7.26965e-12, 7.70624e-12, 7.00454e-12
3.16957e+07, 9.95588e-12, 7.74422e-12, 8.26043e-12, 7.37648e-12, 7.97244e-12, 7.10529e-12
3.27341e+07, 1.03110e-11, 7.69035e-12, 8.54530e-12, 7.49135e-12, 8.24753e-12, 7.21381e-12
3.38065e+07, 1.06760e-11, 7.64545e-12, 8.83750e-12, 7.61339e-12, 8.52970e-12, 7.32925e-12
3.49140e+07, 1.10520e-11, 7.60901e-12, 9.13806e-12, 7.74281e-12, 8.81994e-12, 7.45180e-12
3.60579e+07, 1.14498e-11, 7.58062e-12, 9.45632e-12, 7.88305e-12, 9.12729e-12, 7.58474e-12
3.72392e+07, 1.18808e-11, 7.55996e-12, 9.80197e-12, 8.03776e-12, 9.46106e-12, 7.73152e-12
3.84592e+07, 1.23430e-11, 7.54775e-12, 1.01734e-11, 8.20656e-12, 9.81969e-12, 7.89180e-12
3.97192e+07, 1.28301e-11, 7.54509e-12, 1.05647e-11, 8.38764e-12, 1.01976e-11, 8.06387e-12
4.10204e+07, 1.33392e-11, 7.55277e-12, 1.09736e-11, 8.58040e-12, 1.05924e-11, 8.24716e-12
4.23643e+07, 1.38699e-11, 7.57134e-12, 1.13996e-11, 8.78497e-12, 1.10038e-11, 8.44181e-12
4.37522e+07, 1.44208e-11, 7.59993e-12, 1.18413e-11, 9.00042e-12, 1.14303e-11, 8.64692e-12
4.51856e+07, 1.49891e-11, 7.63589e-12, 1.22961e-11, 9.22437e-12, 1.18695e-11, 8.86020e-12
4.66659e+07, 1.55775e-11, 7.68020e-12, 1.27664e-11, 9.45825e-12, 1.23237e-11, 9.08303e-12
4.81948e+07, 1.62030e-11, 7.74318e-12, 1.32670e-11, 9.71299e-12, 1.28071e-11, 9.32590e-12
4.97737e+07, 1.68818e-11, 7.83450e-12, 1.38121e-11, 9.99905e-12, 1.33334e-11, 9.59889e-12
5.14044e+07, 1.76107e-11, 7.95002e-12, 1.43987e-11, 1.03132e-11, 1.38998e-11, 9.89888e-12
5.30884e+07, 1.83803e-11, 8.08120e-12, 1.50183e-11, 1.06479e-11, 1.44981e-11, 1.02186e-11
5.48277e+07, 1.91872e-11, 8.22496e-12, 1.56677e-11, 1.10004e-11, 1.51252e-11, 1.05554e-11
5.66239e+07, 2.00310e-11, 8.38120e-12, 1.63467e-11, 1.13706e-11, 1.57808e-11, 1.09091e-11
5.84790e+07, 2.09106e-11, 8.54798e-12, 1.70539e-11, 1.17567e-11, 1.64637e-11, 1.12781e-11
6.03949e+07, 2.18231e-11, 8.72133e-12, 1.77865e-11, 1.21556e-11, 1.71711e-11, 1.16593e-11
6.23735e+07, 2.27736e-11, 8.90432e-12, 1.85489e-11, 1.25706e-11, 1.79073e-11, 1.20559e-11
6.44169e+07, 2.37831e-11, 9.11527e-12, 1.93599e-11, 1.30187e-11, 1.86905e-11, 1.24845e-11
6.65273e+07, 2.48711e-11, 9.37018e-12, 2.02367e-11, 1.35155e-11, 1.95371e-11, 1.29597e-11
6.87068e+07, 2.60334e-11, 9.66130e-12, 2.11753e-11, 1.40552e-11, 2.04433e-11, 1.34762e-11
7.09578e+07, 2.72597e-11, 9.97454e-12, 2.21662e-11, 1.46268e-11, 2.14000e-11, 1.40232e-11
7.32825e+07, 2.85475e-11, 1.03051e-11, 2.32067e-11, 1.52266e-11, 2.24047e-11, 1.45974e-11
7.56833e+07, 2.98974e-11, 1.06524e-11, 2.42974e-11, 1.58545e-11, 2.34578e-11, 1.51984e-11
7.81628e+07, 3.13095e-11, 1.10147e-11, 2.54378e-11, 1.65092e-11, 2.45589e-11, 1.58250e-11
8.07235e+07, 3.27831e-11, 1.13886e-11, 2.66266e-11, 1.71880e-11, 2.57068e-11, 1.64747e-11
8.33681e+07, 3.43251e-11, 1.17786e-11, 2.78701e-11, 1.78958e-11, 2.69075e-11, 1.71521e-11
8.60994e+07, 3.59563e-11, 1.22033e-11, 2.91879e-11, 1.86513e-11, 2.81798e-11, 1.78754e-11
8.89201e+07, 3.76951e-11, 1.26781e-11, 3.05970e-11, 1.94705e-11, 2.95403e-11, 1.86598e-11
9.18333e+07, 3.95387e-11, 1.31958e-11, 3.20944e-11, 2.03479e-11, 3.09859e-11, 1.95000e-11
9.48418e+07, 4.14804e-11, 1.37442e-11, 3.36725e-11, 2.12731e-11, 3.25095e-11, 2.03860e-11
9.79490e+07, 4.35198e-11, 1.43196e-11, 3.53306e-11, 2.22438e-11, 3.41103e-11, 2.13156e-11
1.01158e+08, 4.56598e-11, 1.49220e-11, 3.70709e-11, 2.32604e-11, 3.57905e-11, 2.22892e-11
1.04472e+08, 4.79040e-11, 1.55506e-11, 3.88958e-11, 2.43233e-11, 3.75523e-11, 2.33070e-11
1.07895e+08, 5.02568e-11, 1.62046e-11, 4.08079e-11, 2.54323e-11, 3.93984e-11, 2.43689e-11
1.11429e+08, 5.27252e-11, 1.68882e-11, 4.28140e-11, 2.65925e-11, 4.13351e-11, 2.54800e-11
1.15080e+08, 5.53202e-11, 1.76134e-11, 4.49272e-11, 2.78185e-11, 4.33753e-11, 2.66540e-11
1.18850e+08, 5.80516e-11, 1.83899e-11, 4.71591e-11, 2.91215e-11, 4.55298e-11, 2.79020e-11
1.22744e+08, 6.09241e-11, 1.92143e-11, 4.95115e-11, 3.04995e-11, 4.78007e-11, 2.92217e-11
1.26765e+08, 6.39412e-11, 2.00811e-11, 5.19849e-11, 3.19478e-11, 5.01883e-11, 3.06087e-11
1.30918e+08, 6.71075e-11, 2.09893e-11, 5.45823e-11, 3.34666e-11, 5.26955e-11, 3.20633e-11
1.35207e+08, 7.04283e-11, 2.19400e-11, 5.73078e-11, 3.50580e-11, 5.53265e-11, 3.35873e-11
1.39637e+08, 7.39149e-11, 2.29350e-11, 6.01702e-11, 3.67254e-11, 5.80895e-11, 3.51842e-11
1.44212e+08, 7.75828e-11, 2.39766e-11, 6.31813e-11, 3.84735e-11, 6.09962e-11, 3.68584e-11
1.48936e+08, 8.14327e-11, 2.50673e-11, 6.63432e-11, 4.03056e-11, 6.40482e-11, 3.86130e-11
1.53815e+08, 8.54430e-11, 2.62089e-11, 6.96431e-11, 4.22232e-11, 6.72335e-11, 4.04494e-11
1.58855e+08, 8.96022e-11, 2.74036e-11, 7.30752e-11, 4.42287e-11, 7.05462e-11, 4.23700e-11
1.64059e+08, 9.39346e-11, 2.86541e-11, 7.66574e-11, 4.63280e-11, 7.40037e-11, 4.43805e-11
1.69434e+08, 9.84692e-11, 2.99633e-11, 8.04107e-11, 4.85273e-11, 7.76263e-11, 4.64867e-11
1.74985e+08, 1.03217e-10, 3.13333e-11, 8.43438e-11, 5.08306e-11, 8.14224e-11, 4.86925e-11
1.80717e+08, 1.08187e-10, 3.27660e-11, 8.84628e-11, 5.32414e-11, 8.53979e-11, 5.10013e-11
1.86638e+08, 1.13403e-10, 3.42671e-11, 9.27894e-11, 5.57695e-11, 8.95736e-11, 5.34223e-11
1.92752e+08, 1.18904e-10, 3.58444e-11, 9.73547e-11, 5.84283e-11, 9.39797e-11, 5.59685e-11
1.99067e+08, 1.24667e-10, 3.74950e-11, 1.02140e-10, 6.12130e-11, 9.85983e-11, 5.86353e-11
2.05589e+08, 1.30591e-10, 3.92026e-11, 1.07064e-10, 6.40953e-11, 1.03350e-10, 6.13955e-11
2.12324e+08, 1.36620e-10, 4.09585e-11, 1.12081e-10, 6.70604e-11, 1.08192e-10, 6.42350e-11
2.19280e+08, 1.42825e-10, 4.27768e-11, 1.17249e-10, 7.01325e-11, 1.13180e-10, 6.71770e-11
2.26464e+08, 1.49288e-10, 4.46736e-11, 1.22637e-10, 7.33392e-11, 1.18379e-10, 7.02478e-11
2.33884e+08, 1.56031e-10, 4.66533e-11, 1.28260e-10, 7.66885e-11, 1.23807e-10, 7.34552e-11
2.41546e+08, 1.63060e-10, 4.87185e-11, 1.34126e-10, 8.01849e-11, 1.29467e-10, 7.68034e-11
2.49459e+08, 1.70427e-10, 5.08816e-11, 1.40279e-10, 8.38493e-11, 1.35405e-10, 8.03125e-11
2.57632e+08, 1.78208e-10, 5.31595e-11, 1.46785e-10, 8.77109e-11, 1.41683e-10, 8.40104e-11
2.66073e+08, 1.86320e-10, 5.55361e-11, 1.53571e-10, 9.17424e-11, 1.48232e-10, 8.78710e-11
2.74789e+08, 1.94505e-10, 5.79579e-11, 1.60412e-10, 9.58529e-11, 1.54834e-10, 9.18073e-11
2.83792e+08, 2.02633e-10, 6.03985e-11, 1.67193e-10, 9.99974e-11, 1.61378e-10, 9.57760e-11
2.93089e+08, 2.10870e-10, 6.28951e-11, 1.74061e-10, 1.04239e-10, 1.68005e-10, 9.98380e-11
3.02691e+08, 2.19400e-10, 6.54877e-11, 1.81173e-10, 1.08646e-10, 1.74870e-10, 1.04058e-10
3.12608e+08, 2.28250e-10, 6.81829e-11, 1.88553e-10, 1.13231e-10, 1.81992e-10, 1.08448e-10
3.22849e+08, 2.37422e-10, 7.09827e-11, 1.96203e-10, 1.17995e-10, 1.89375e-10, 1.13010e-10
3.33426e+08, 2.47010e-10, 7.39104e-11, 2.04206e-10, 1.22980e-10, 1.97098e-10, 1.17784e-10
3.44350e+08, 2.57142e-10, 7.69975e-11, 2.12675e-10, 1.28239e-10, 2.05271e-10, 1.22819e-10
3.55631e+08, 2.67621e-10, 8.01994e-11, 2.21435e-10, 1.33696e-10, 2.13724e-10, 1.28045e-10
3.67282e+08, 2.77930e-10, 8.33959e-11, 2.30022e-10, 1.39146e-10, 2.22011e-10, 1.33264e-10
3.79315e+08, 2.87839e-10, 8.65346e-11, 2.38230e-10, 1.44502e-10, 2.29933e-10, 1.38392e-10
3.91742e+08, 2.97689e-10, 8.96964e-11, 2.46363e-10, 1.49899e-10, 2.37784e-10, 1.43561e-10
4.04576e+08, 3.07819e-10, 9.29619e-11, 2.54723e-10, 1.55475e-10, 2.45852e-10, 1.48900e-10
4.17830e+08, 3.18256e-10, 9.63383e-11, 2.63333e-10, 1.61244e-10, 2.54163e-10, 1.54424e-10
4.31519e+08, 3.28990e-10, 9.98244e-11, 2.72183e-10, 1.67202e-10, 2.62705e-10, 1.60129e-10
4.45656e+08, 3.40171e-10, 1.03460e-10, 2.81406e-10, 1.73418e-10, 2.71608e-10, 1.66081e-10
4.60257e+08, 3.51991e-10, 1.07297e-10, 2.91173e-10, 1.79980e-10, 2.81035e-10, 1.72365e-10
4.75335e+08, 3.64075e-10, 1.11240e-10, 3.01149e-10, 1.86726e-10, 2.90663e-10, 1.78824e-10
4.90908e+08, 3.75551e-10, 1.15066e-10, 3.10553e-10, 1.93276e-10, 2.99741e-10, 1.85096e-10
5.06991e+08, 3.86094e-10, 1.18694e-10, 3.19097e-10, 1.99490e-10, 3.07990e-10, 1.91046e-10
5.23600e+08, 3.96307e-10, 1.22277e-10, 3.27317e-10, 2.05630e-10, 3.15927e-10, 1.96926e-10
5.40754e+08, 4.06735e-10, 1.25955e-10, 3.35700e-10, 2.11936e-10, 3.24023e-10, 2.02964e-10
5.58470e+08, 4.17394e-10, 1.29732e-10, 3.44260e-10, 2.18413e-10, 3.32288e-10, 2.09166e-10
5.76766e+08, 4.28249e-10, 1.33601e-10, 3.52964e-10, 2.25049e-10, 3.40694e-10, 2.15520e-10
5.95662e+08, 4.39517e-10, 1.37623e-10, 3.62004e-10, 2.31951e-10, 3.49423e-10, 2.22129e-10
6.15177e+08, 4.51457e-10, 1.41873e-10, 3.71605e-10, 2.39244e-10, 3.58694e-10, 2.29112e-10
6.35331e+08, 4.63460e-10, 1.46182e-10, 3.81232e-10, 2.46640e-10, 3.67990e-10, 2.36194e-10
6.56145e+08, 4.74253e-10, 1.50194e-10, 3.89763e-10, 2.53533e-10, 3.76230e-10, 2.42794e-10
6.77642e+08, 4.83467e-10, 1.53806e-10, 3.96875e-10, 2.59745e-10, 3.83102e-10, 2.48742e-10
6.99842e+08, 4.92032e-10, 1.57275e-10, 4.03389e-10, 2.65714e-10, 3.89397e-10, 2.54458e-10
7.22770e+08, 5.00728e-10, 1.60816e-10, 4.09991e-10, 2.71808e-10, 3.95778e-10, 2.60293e-10
7.46449e+08, 5.09535e-10, 1.64423e-10, 4.16666e-10, 2.78017e-10, 4.02229e-10, 2.66238e-10
7.70903e+08, 5.18388e-10, 1.68079e-10, 4.23355e-10, 2.84312e-10, 4.08695e-10, 2.72266e-10
7.96159e+08, 5.27572e-10, 1.71872e-10, 4.30304e-10, 2.90844e-10, 4.15412e-10, 2.78520e-10
8.22243e+08, 5.37402e-10, 1.75898e-10, 4.37783e-10, 2.97775e-10, 4.22640e-10, 2.85156e-10
8.49180e+08, 5.47017e-10, 1.79895e-10, 4.45050e-10, 3.04661e-10, 4.29664e-10, 2.91749e-10
8.77001e+08, 5.54774e-10, 1.83368e-10, 4.50689e-10, 3.10653e-10, 4.35119e-10, 2.97486e-10
9.05733e+08, 5.60339e-10, 1.86212e-10, 4.54413e-10, 3.15571e-10, 4.38725e-10, 3.02195e-10
9.35406e+08, 5.64996e-10, 1.88809e-10, 4.57335e-10, 3.20069e-10, 4.41560e-10, 3.06502e-10
9.66051e+08, 5.69732e-10, 1.91451e-10, 4.60313e-10, 3.24647e-10, 4.44448e-10, 3.10885e-10
9.97700e+08, 5.74476e-10, 1.94118e-10, 4.63286e-10, 3.29267e-10, 4.47331e-10, 3.15308e-10
1.03039e+09, 5.79127e-10, 1.96780e-10, 4.66165e-10, 3.33880e-10, 4.50125e-10, 3.19725e-10
1.06414e+09, 5.84037e-10, 1.99551e-10, 4.69247e-10, 3.38681e-10, 4.53114e-10, 3.24322e-10
1.09901e+09, 5.89546e-10, 2.02543e-10, 4.72822e-10, 3.43859e-10, 4.56579e-10, 3.29280e-10
1.13501e+09, 5.94571e-10, 2.05401e-10, 4.75974e-10, 3.48811e-10, 4.59635e-10, 3.34022e-10
1.17220e+09, 5.97209e-10, 2.07508e-10, 4.77095e-10, 3.52482e-10, 4.60733e-10, 3.37536e-10
1.21060e+09, 5.97240e-10, 2.08787e-10, 4.76006e-10, 3.54739e-10, 4.59698e-10, 3.39697e-10
1.25026e+09, 5.96267e-10, 2.09748e-10, 4.74071e-10, 3.56453e-10, 4.57848e-10, 3.41337e-10
1.29122e+09, 5.95415e-10, 2.10747e-10, 4.72247e-10, 3.58233e-10, 4.56104e-10, 3.43041e-10
1.33352e+09, 5.94549e-10, 2.11742e-10, 4.70422e-10, 3.60004e-10, 4.54358e-10, 3.44737e-10
1.37721e+09, 5.93537e-10, 2.12690e-10, 4.68480e-10, 3.61698e-10, 4.52500e-10, 3.46358e-10
1.42233e+09, 5.92775e-10, 2.13729e-10, 4.66750e-10, 3.63545e-10, 4.50847e-10, 3.48127e-10
1.46893e+09, 5.92604e-10, 2.14974e-10, 4.65516e-10, 3.65746e-10, 4.49672e-10, 3.50233e-10
1.51705e+09, 5.91785e-10, 2.15998e-10, 4.63752e-10, 3.67568e-10, 4.47986e-10, 3.51977e-10
1.56675e+09, 5.88304e-10, 2.16106e-10, 4.59792e-10, 3.67826e-10, 4.44180e-10, 3.52224e-10
1.61808e+09, 5.82121e-10, 2.15277e-10, 4.53610e-10, 3.66482e-10, 4.38229e-10, 3.50937e-10
1.67109e+09, 5.75058e-10, 2.14123e-10, 4.46727e-10, 3.64585e-10, 4.31601e-10, 3.49119e-10
1.72584e+09, 5.68279e-10, 2.13038e-10, 4.40117e-10, 3.62803e-10, 4.25236e-10, 3.47413e-10
1.78238e+09, 5.61582e-10, 2.11953e-10, 4.33611e-10, 3.61020e-10, 4.18971e-10, 3.45705e-10
1.84077e+09, 5.54811e-10, 2.10818e-10, 4.27076e-10, 3.59149e-10, 4.12677e-10, 3.43913e-10
1.90108e+09, 5.48380e-10, 2.09781e-10, 4.20847e-10, 3.57447e-10, 4.06678e-10, 3.42283e-10
1.96336e+09, 5.42596e-10, 2.08955e-10, 4.15176e-10, 3.56102e-10, 4.01218e-10, 3.40995e-10
2.02768e+09, 5.36160e-10, 2.07866e-10, 4.09008e-10, 3.54308e-10, 3.95277e-10, 3.39276e-10
2.09411e+09, 5.27116e-10, 2.05803e-10, 4.00754e-10, 3.50849e-10, 3.87322e-10, 3.35964e-10
2.16272e+09, 5.15619e-10, 2.02816e-10, 3.90548e-10, 3.45808e-10, 3.77482e-10, 3.31136e-10
2.23357e+09, 5.03565e-10, 1.99576e-10, 3.79947e-10, 3.40334e-10, 3.67258e-10, 3.25894e-10
2.30675e+09, 4.92053e-10, 1.96475e-10, 3.69848e-10, 3.35094e-10, 3.57520e-10, 3.20876e-10
2.38232e+09, 4.80820e-10, 1.93420e-10, 3.60037e-10, 3.29931e-10, 3.48059e-10, 3.15932e-10
2.46037e+09, 4.69697e-10, 1.90355e-10, 3.50369e-10, 3.24749e-10, 3.38734e-10, 3.10969e-10
2.54097e+09, 4.59078e-10, 1.87432e-10, 3.41156e-10, 3.19808e-10, 3.29848e-10, 3.06237e-10
2.62422e+09, 4.49209e-10, 1.84744e-10, 3.32592e-10, 3.15267e-10, 3.21588e-10, 3.01889e-10
2.71019e+09, 4.38840e-10, 1.81813e-10, 3.23685e-10, 3.10310e-10, 3.12996e-10, 2.97141e-10
2.79898e+09, 4.26224e-10, 1.77972e-10, 3.13044e-10, 3.03791e-10, 3.02728e-10, 2.90899e-10
2.89068e+09, 4.11678e-10, 1.73334e-10, 3.00931e-10, 2.95906e-10, 2.91038e-10, 2.83348e-10
2.98538e+09, 3.97007e-10, 1.68575e-10, 2.88794e-10, 2.87813e-10, 2.79324e-10, 2.75598e-10
3.08319e+09, 3.83147e-10, 1.64048e-10, 2.77382e-10, 2.80113e-10, 2.68308e-10, 2.68225e-10
3.18420e+09, 3.69799e-10, 1.59643e-10, 2.66449e-10, 2.72622e-10, 2.57755e-10, 2.61052e-10
3.28852e+09, 3.56784e-10, 1.55302e-10, 2.55846e-10, 2.65236e-10, 2.47518e-10, 2.53979e-10
3.39625e+09, 3.44444e-10, 1.51165e-10, 2.45831e-10, 2.58198e-10, 2.37849e-10, 2.47239e-10
3.50752e+09, 3.32943e-10, 1.47300e-10, 2.36530e-10, 2.51624e-10, 2.28869e-10, 2.40945e-10
3.62243e+09, 3.21185e-10, 1.43263e-10, 2.27094e-10, 2.44753e-10, 2.19758e-10, 2.34365e-10
3.74111e+09, 3.07743e-10, 1.38475e-10, 2.16422e-10, 2.36593e-10, 2.09451e-10, 2.26551e-10
3.86367e+09, 2.93027e-10, 1.33097e-10, 2.04835e-10, 2.27418e-10, 1.98258e-10, 2.17765e-10
3.99025e+09, 2.78591e-10, 1.27750e-10, 1.93543e-10, 2.18295e-10, 1.87349e-10, 2.09030e-10
4.12098e+09, 2.65144e-10, 1.22722e-10, 1.83096e-10, 2.09716e-10, 1.77256e-10, 2.00814e-10
4.25598e+09, 2.52379e-10, 1.17894e-10, 1.73245e-10, 2.01479e-10, 1.67738e-10, 1.92927e-10
4.39542e+09, 2.40122e-10, 1.13208e-10, 1.63846e-10, 1.93482e-10, 1.58655e-10, 1.85269e-10
4.53942e+09, 2.28629e-10, 1.08780e-10, 1.55084e-10, 1.85925e-10, 1.50187e-10, 1.78033e-10
4.68813e+09, 2.17986e-10, 1.04650e-10, 1.47015e-10, 1.78879e-10, 1.42389e-10, 1.71286e-10
4.84172e+09, 2.07325e-10, 1.00441e-10, 1.38996e-10, 1.71694e-10, 1.34637e-10, 1.64406e-10
5.00035e+09, 1.95603e-10, 9.56969e-11, 1.30252e-10, 1.63590e-10, 1.26183e-10, 1.56646e-10
5.16416e+09, 1.83225e-10, 9.05923e-11, 1.21085e-10, 1.54867e-10, 1.17319e-10, 1.48293e-10
5.33335e+09, 1.71381e-10, 8.56455e-11, 1.12382e-10, 1.46412e-10, 1.08904e-10, 1.40198e-10
5.50808e+09, 1.60537e-10, 8.10625e-11, 1.04487e-10, 1.38580e-10, 1.01267e-10, 1.32698e-10
5.68853e+09, 1.50410e-10, 7.67285e-11, 9.71764e-11, 1.31173e-10, 9.41956e-11, 1.25605e-10
5.87489e+09, 1.40843e-10, 7.25868e-11, 9.03244e-11, 1.24095e-10, 8.75664e-11, 1.18827e-10
6.06736e+09, 1.32002e-10, 6.87221e-11, 8.40384e-11, 1.17490e-10, 8.14841e-11, 1.12503e-10
6.26614e+09, 1.23904e-10, 6.51491e-11, 7.83269e-11, 1.11383e-10, 7.59569e-11, 1.06655e-10
6.47143e+09, 1.15948e-10, 6.15799e-11, 7.27651e-11, 1.05283e-10, 7.05737e-11, 1.00814e-10
6.68344e+09, 1.07459e-10, 5.76927e-11, 6.68791e-11, 9.86371e-11, 6.48758e-11, 9.44501e-11
6.90240e+09, 9.87612e-11, 5.36447e-11, 6.08956e-11, 9.17155e-11, 5.90827e-11, 8.78223e-11
7.12853e+09, 9.06470e-11, 4.98176e-11, 5.53676e-11, 8.51715e-11, 5.37297e-11, 8.15561e-11
7.36207e+09, 8.33681e-11, 4.63377e-11, 5.04661e-11, 7.92214e-11, 4.89823e-11, 7.58586e-11
7.60326e+09, 7.66968e-11, 4.31045e-11, 4.60221e-11, 7.36930e-11, 4.46772e-11, 7.05649e-11
7.85236e+09, 7.05086e-11, 4.00682e-11, 4.19383e-11, 6.85015e-11, 4.07203e-11, 6.55938e-11
8.10961e+09, 6.48869e-11, 3.72799e-11, 3.82624e-11, 6.37340e-11, 3.71580e-11, 6.10286e-11
8.37529e+09, 5.98163e-11, 3.47368e-11, 3.49792e-11, 5.93857e-11, 3.39756e-11, 5.68649e-11
8.64968e+09, 5.49331e-11, 3.22466e-11, 3.18514e-11, 5.51280e-11, 3.09432e-11, 5.27880e-11
8.93305e+09, 4.98604e-11, 2.96100e-11, 2.86332e-11, 5.06206e-11, 2.78226e-11, 4.84719e-11
9.22571e+09, 4.48096e-11, 2.69436e-11, 2.54582e-11, 4.60625e-11, 2.47434e-11, 4.41072e-11
9.52796e+09, 4.02244e-11, 2.44892e-11, 2.26094e-11, 4.18666e-11, 2.19798e-11, 4.00895e-11
9.84011e+09, 3.62101e-11, 2.23086e-11, 2.01498e-11, 3.81388e-11, 1.95931e-11, 3.65199e-11
